33 0
33 2
34 2
34 6
35 6
35 10
36 10
36 17
37 17
37 20
38 20
38 23
39 23
39 30
40 30
40 33
41 33
41 36
42 36
42 42
43 42
43 46
44 46
44 50
45 50
45 56
46 56
46 61
47 61
47 67
48 67
48 87
47 87
47 95
46 95
46 100
45 100
45 104
44 104
44 105
43 105
43 107
42 107
42 109
41 109
41 110
40 110
40 111
39 111
39 113
38 113
38 114
37 114
37 116
36 116
36 118
35 118
35 119
34 119
34 121
33 121
33 123
32 123
32 125
31 125
31 127
30 127
30 129
29 129
29 131
28 131
28 134
27 134
27 137
26 137
26 138
25 138
25 141
24 141
24 144
23 144
23 146
22 146
22 149
21 149
21 152
20 152
20 154
19 154
19 156
18 156
18 159
17 159
17 161
16 161
16 163
15 163
15 166
14 166
14 167
13 167
13 170
12 170
12 172
11 172
11 174
10 174
10 177
9 177
9 178
8 178
8 180
7 180
7 183
6 183
6 184
5 184
5 186
4 186
4 192
3 192
3 207
2 207
2 210
3 210
3 224
2 224
2 237
1 237
1 255
0 255
0 261
1 261
1 268
2 268
2 272
3 272
3 276
4 276
4 279
6 279
6 280
7 280
7 282
9 282
9 283
11 283
11 284
12 284
12 285
14 285
14 286
15 286
15 287
16 287
16 288
17 288
17 289
18 289
18 291
19 291
19 292
20 292
20 293
21 293
21 295
22 295
22 297
23 297
23 298
24 298
24 300
25 300
25 302
26 302
26 303
27 303
27 304
28 304
28 305
29 305
29 306
30 306
30 307
31 307
31 308
32 308
32 309
34 309
34 310
35 310
35 311
36 311
36 312
37 312
37 313
39 313
39 314
40 314
40 315
41 315
41 316
42 316
42 317
43 317
43 319
44 319
44 326
45 326
45 361
46 361
46 366
47 366
47 369
48 369
48 376
49 376
49 381
50 381
50 382
51 382
51 387
52 387
52 391
53 391
53 396
54 396
54 403
55 403
55 410
56 410
56 416
57 416
57 424
58 424
58 428
59 428
59 431
60 431
60 436
61 436
61 438
62 438
62 441
63 441
63 444
64 444
64 445
65 445
65 447
66 447
66 449
67 449
67 450
68 450
68 451
69 451
69 452
70 452
70 453
71 453
71 454
72 454
72 455
73 455
73 456
75 456
75 457
76 457
76 458
78 458
78 459
87 459
87 458
89 458
89 457
90 457
90 455
92 455
92 461
93 461
93 463
94 463
94 465
95 465
95 467
96 467
96 469
97 469
97 470
98 470
98 472
99 472
99 473
100 473
100 474
101 474
101 475
103 475
103 476
104 476
104 477
107 477
107 478
119 478
119 477
121 477
121 476
123 476
123 475
124 475
124 474
125 474
125 473
126 473
126 471
127 471
127 470
128 470
128 463
129 463
129 455
130 455
130 456
133 456
133 457
136 457
136 458
142 458
142 457
145 457
145 456
147 456
147 455
149 455
149 453
151 453
151 452
152 452
152 450
153 450
153 448
154 448
154 446
155 446
155 442
156 442
156 437
157 437
157 429
158 429
158 395
159 395
159 396
160 396
160 397
162 397
162 398
164 398
164 399
166 399
166 400
172 400
172 399
175 399
175 398
177 398
177 397
179 397
179 396
180 396
180 394
181 394
181 392
182 392
182 390
183 390
183 387
184 387
184 383
185 383
185 379
186 379
186 375
187 375
187 369
188 369
188 362
189 362
189 355
190 355
190 344
191 344
191 338
192 338
192 333
193 333
193 328
194 328
194 310
195 310
195 291
196 291
196 279
197 279
197 272
198 272
198 265
199 265
199 260
200 260
200 255
201 255
201 250
202 250
202 246
203 246
203 239
204 239
204 230
205 230
205 213
206 213
206 178
205 178
205 156
204 156
204 149
203 149
203 144
202 144
202 138
201 138
201 135
200 135
200 132
199 132
199 128
198 128
198 125
197 125
197 123
196 123
196 119
195 119
195 117
194 117
194 114
193 114
193 110
192 110
192 108
191 108
191 105
190 105
190 100
189 100
189 96
188 96
188 92
187 92
187 81
186 81
186 75
185 75
185 69
184 69
184 55
183 55
183 45
182 45
182 37
181 37
181 28
180 28
180 24
179 24
179 20
178 20
178 12
177 12
177 9
176 9
176 5
175 5
175 0
33 0