0.0389423765212619	0
0.0389423765212619	0.00210272712360603
0.0389423765212619	0.00471012810190255
0.0389423765212619	0.00656052180269685
0.0387741589120987	0.00832680669890959
0.0386059413029356	0.0105136356180301
0.038353614889191	0.0122799205142429
0.0380171796708647	0.0153078725245142
0.03776485325712	0.0172423750298901
0.0375125268433754	0.0197656391673369
0.0373443092342122	0.0215319240635496
0.0371760916250491	0.0233823177643439
0.0371760916250491	0.0254009641196366
0.037007874015886	0.0285129898891543
0.037007874015886	0.030279274785367
0.0368396564067229	0.0322978860953244
0.0367555476021413	0.034148314841454
0.0368396564067229	0.0367555476021413
0.0369237652113045	0.0386059413029356
0.037007874015886	0.0407927702220562
0.0368396564067229	0.0429795991411767
0.0368396564067229	0.0450823192557157
0.0368396564067229	0.0481946954785858
0.0365873299929782	0.0500450891793801
0.0360826771654889	0.0517272652710113
0.0355780243379995	0.0539140941901318
0.034905294082688	0.055596270281763
0.0344006412551986	0.0572784463733942
0.0340642060368724	0.0599699281200041
0.0333072267956384	0.0622408658437062
0.0328025389228138	0.0640912595445005
0.0325502125090691	0.0658575444407132
0.0321296684861613	0.067623829336926
0.0318773420724166	0.0694742230377202
0.0317091244632535	0.071240507933933
0.0315409068540904	0.0731750104393088
0.0314567980495088	0.0751936217492663
0.0311203628311826	0.0771281242546421
0.0307839276128564	0.0789785179554364
0.0306157100036932	0.0810812380699754
0.0303633835899486	0.0839409374257484
0.0301951659807854	0.0857072223219612
0.0300269483716223	0.0874735072181739
0.0298587307624592	0.09050142418311
0.029522295544133	0.092604144297649
0.0294381867395514	0.0945386468030249
0.0291017515212252	0.0964731493084007
0.0285970986937358	0.0989964134458475
0.0282606634754096	0.101015024755805
0.0279242282570833	0.103033636065762
0.0275036842341756	0.10505224737572
0.0271672490158493	0.107154967490259
0.0267467049929415	0.109173578800216
0.0264102697746153	0.111192190110174
0.0258215081425444	0.112958475006386
0.0255691817287997	0.114724759902599
0.0249804200967288	0.11640693599423
0.0244757672692394	0.118089112085861
0.0237187880280054	0.119939505786656
0.0229617737414361	0.121705790682868
0.0222047945002021	0.123303857969918
0.0214478152589681	0.124986034061549
0.020690836017734	0.126584101348599
0.0200179655810815	0.128350386244812
0.0190927687306844	0.129948453531861
0.0184198982940319	0.131714738428074
0.0179152454665426	0.133481023324287
0.0172423750298901	0.135247308220499
0.017074157420727	0.137013593116712
0.0161489605703298	0.13852755159918
0.0153919813290958	0.14012561888623
0.0147191108924433	0.141892254235795
0.0137938789967109	0.143406212718263
0.0127004645371507	0.14483606239615
0.0119434852959166	0.146434129683199
0.0107659620317748	0.147948088165667
0.00967254757221454	0.149462046648135
0.00874735072181739	0.150976005130603
0.00815858908974648	0.152742290026816
0.007485718653094	0.154424466118447
0.00689695702102309	0.15619075101466
0.00597176017062594	0.158041144715454
0.00546710734313658	0.159723320807086
0.00454187544740419	0.161237279289554
0.00378489620617016	0.162835346576603
0.00311203628311826	0.164517522668234
0.00260738345562891	0.166367916369029
0.00185040070986135	0.167965983656078
0.00159807429611667	0.170068703770617
0.00126163557325691	0.173096620735553
0.00100930915951223	0.175199340850092
0.000420544022907796	0.177049734550887
0	0.180498195538731
0.00109341796409379	0.181928045216617
0.00252327465104735	0.183189677285341
0.00445776664282263	0.183862547721993
0.00656052180269685	0.183610221308248
0.00824269789432803	0.182769133262433
0.00984076518137766	0.182012154021199
0.0112706148592642	0.180918739561638
0.0126163557325691	0.179741216297497
0.0139620966058741	0.178395475424192
0.0150555461107696	0.176965625746305
0.0158966341565852	0.175367558459256
0.0168218310069823	0.173853599976788
0.0175788102482163	0.172087315080575
0.0182516806848688	0.17023692137978
0.0188404423169397	0.168554745288149
0.0195133127535922	0.166788460391937
0.0202702919948262	0.165106284300305
0.0211113800406418	0.163424108208674
0.022036576891039	0.161910149726206
0.0232141001551808	0.160564408852901
0.0239711144417501	0.158966341565852
0.0248963112921472	0.157452383083383
0.0259897257517075	0.155938424600915
0.0269990314066862	0.154340357313866
0.0280924458662465	0.152910507635979
0.0291017515212252	0.151396549153511
0.0300269483716223	0.149882590671043
0.0309521452220195	0.148284523383994
0.0320455596815797	0.146854673706107
0.0331390091864753	0.145424824028221
0.0342324236460355	0.143994974350334
0.0352415891196733	0.142396907063284
0.0360826771654889	0.140546162909138
0.037007874015886	0.13903220442667
0.0378489620617016	0.13743413713962
0.0388582677166803	0.135920178657152
0.0402040085899853	0.134658546588429
0.0420544022907796	0.134322111370102
0.0430637079457583	0.13583606985257
0.0429795991411767	0.139368639644996
0.0428113815320136	0.141219383799143
0.0424749463136874	0.143406212718263
0.0422226198999427	0.145761259246547
0.0418861846816164	0.147863979361086
0.0415497494632902	0.14971437306188
0.0410450966358008	0.151648875567256
0.0407086614174746	0.153835704486376
0.0402040085899853	0.155854315796334
0.0399516821762406	0.157957035910873
0.0396152469579143	0.160143864829993
0.0395311381533328	0.162414802553695
0.0394470293487512	0.164349305059071
0.0393629205441697	0.166872569196518
0.0392788117395881	0.168891180506476
0.0391947029350065	0.170825683011851
0.0386900501075172	0.172676076712646
0.0385218324983541	0.174947014436348
0.0381012884754463	0.176797408137142
0.03776485325712	0.180498195538731
0.0375125268433754	0.18260091565327
0.0373443092342122	0.184451309354064
0.0372602004296307	0.186301703054858
0.0374284180387938	0.188824967192305
0.0373443092342122	0.190591252088518
0.0374284180387938	0.19286218981222
0.037007874015886	0.195133127535922
0.0369237652113045	0.196983521236716
0.0364191123838151	0.198749806132929
0.0360826771654889	0.20152539668412
0.0357462419471626	0.203544007994078
0.0355780243379995	0.205562619304035
0.0354098067288364	0.207328904200248
0.0351574803150917	0.212207214865978
0.0354098067288364	0.213973499762191
0.0359144595563257	0.215655675853822
0.0369237652113045	0.21716963433629
0.0381853972800278	0.218431266405014
0.0396993557624959	0.219524680864574
0.0432319255549214	0.220113442496645
0.0449141016465526	0.219524680864574
0.0467644953473469	0.218935919232503
0.0482788042831674	0.217926613577524
0.0492881099381461	0.216412655095056
0.0500450891793801	0.214730479003425
0.0507179596160326	0.213048302911794
0.0511385036389404	0.211197909211
0.0514749388572666	0.209431624314787
0.0518113740755928	0.20741301300483
0.0522319180985006	0.205562619304035
0.0524842445122453	0.203459899189496
0.0526524621214084	0.201693614293284
0.0529047885351531	0.199675002983326
0.0530730061443162	0.197235847650461
0.0532412237534793	0.194796692317596
0.0535776589718056	0.192946298616801
0.0539140941901318	0.190759469697681
0.0541664206038765	0.188909075996887
0.0546710734313658	0.187142791100674
0.0552598350634368	0.185040070986135
0.0557644878909261	0.183105568480759
0.0561009231092523	0.181171065975383
0.0565214671321601	0.179152454665426
0.0567737935459048	0.176797408137142
0.0571943375688126	0.174947014436348
0.057698990396302	0.173264838344717
0.0580354256146282	0.171414444643922
0.0583718608329544	0.169479942138546
0.0588765136604438	0.167797766046915
0.05921294887877	0.165863263541539
0.0597176017062594	0.164012869840745
0.0603063633383303	0.162330693749114
0.0608110161658197	0.160564408852901
0.061315668993309	0.158714015152107
0.0618203218207984	0.157031839060476
0.0619885394299615	0.155265554164263
0.0621567570391246	0.152910507635979
0.0624931922574508	0.151060113935185
0.0629978450849402	0.149209720234391
0.0635024979124295	0.14752754414276
0.0642594771536636	0.14592947685571
0.0654370004178054	0.14752754414276
0.0657734356361317	0.150134917084788
0.0660257620498763	0.152489963613072
0.0660257620498763	0.154340357313866
0.0661098708544579	0.156443077428405
0.0658575444407132	0.158798123956688
0.0656052180269685	0.161910149726206
0.065521109222387	0.165274501909468
0.0657734356361317	0.171750879862249
0.0661098708544579	0.173853599976788
0.0663621972682026	0.176376864114234
0.0665304148773657	0.178143149010447
0.0668668500956919	0.180245869124986
0.0671191765094366	0.182180371630362
0.0672873941185997	0.184619526963227
0.0673715029231813	0.186638138273185
0.0674556117277628	0.190591252088518
0.0675397205323444	0.192693972203057
0.0677079381415075	0.194880801122177
0.0679602645552522	0.19664708601839
0.0682966997735784	0.198749806132929
0.0688013526010678	0.20043198222456
0.0689695702102309	0.202282375925355
0.0694742230377202	0.204637422453638
0.0697265494514649	0.207581230613993
0.0698106582560465	0.209515733119369
0.0697265494514649	0.211450235624744
0.0694742230377202	0.217001416727127
0.0694742230377202	0.223393685875326
0.069894767060628	0.226085167621936
0.0703153110835358	0.228103778931893
0.0707358551064436	0.230038281437269
0.0715769431522592	0.231636348724319
0.0726703576118195	0.233066198402205
0.0739319896805429	0.234327830470929
0.0764552538179896	0.235001051360933
0.0781374299096208	0.234496048080092
0.0797354971966704	0.233739068838858
0.0810812380699754	0.232561545574716
0.0821746525295357	0.231131695896829
0.0832680669890959	0.229701846218943
0.0841932638394931	0.228187887736475
0.0850343518853087	0.226421602840262
0.085539004712798	0.224739426748631
0.0860436575402874	0.222889033047836
0.0863800927586136	0.220870421737879
0.0867165279769399	0.218851810427922
0.086884745586103	0.216664981508801
0.0871370719998477	0.212964194107213
0.0871370719998477	0.210020385946858
0.0871370719998477	0.206571924959014
0.0872211808044292	0.204637422453638
0.0873052896090108	0.201693614293284
0.0873893984135923	0.199675002983326
0.0875576160227555	0.197656391673369
0.0877258336319186	0.195301345145085
0.0877258336319186	0.19286218981222
0.0877258336319186	0.188740858387723
0.0875576160227555	0.186554029468603
0.0874735072181739	0.184703635767809
0.0874735072181739	0.181507501193709
0.0873893984135923	0.179657107492915
0.0874735072181739	0.177470278573795
0.0875576160227555	0.17452647041344
0.0877258336319186	0.170909791816433
0.0878099424365001	0.168302418874405
0.0879781600456633	0.164769849081979
0.0878099424365001	0.161910149726206
0.0877258336319186	0.159470994393341
0.0873893984135923	0.157452383083383
0.0871370719998477	0.153246942854306
0.0874735072181739	0.15131244034893
0.0877258336319186	0.149209720234391
0.0882304864594079	0.14752754414276
0.0902490977693653	0.146854673706107
0.0912584034243441	0.148452740993157
0.0916789474472518	0.150723678716859
0.0919312738609965	0.152910507635979
0.0922677090793228	0.154929118945937
0.0927723619068121	0.156611295037568
0.0931087971251384	0.158461688738362
0.0936134499526277	0.160227973634575
0.0940339939755355	0.161994258530788
0.0946227556076064	0.163760543427
0.0952115172396773	0.165442719518632
0.0958002788717482	0.167124895610263
0.0963890405038192	0.168891180506476
0.0971460197450532	0.170489247793525
0.0978188901817057	0.172339641494319
0.098323543009195	0.174274143999695
0.0989964134458475	0.176460972918816
0.0995851750779184	0.178395475424192
0.100005719100826	0.180329977929568
0.100510371928316	0.182769133262433
0.101015024755805	0.184619526963227
0.101519677583294	0.18638581185944
0.102108439215365	0.188236205560234
0.102697200847436	0.190086599261028
0.103285962479507	0.191852884157241
0.103874724111578	0.193619169053454
0.104295268134486	0.195637780363411
0.104631703352812	0.197656391673369
0.104631703352812	0.199506785374163
0.104884029766557	0.201357179074957
0.105220464984883	0.203375790384915
0.105641009007791	0.205310292890291
0.106313879444443	0.207076577786503
0.106818532271932	0.208842862682716
0.107323185099422	0.210525038774347
0.108164273145237	0.212207214865978
0.109257687604798	0.213637064543865
0.110014666846032	0.215235131830915
0.110939863696429	0.216749090313383
0.112285604569734	0.217926613577524
0.113967780661365	0.218515375209595
0.117079806430883	0.218683592818759
0.118593764913351	0.21767428716378
0.119518961763748	0.216160328681312
0.120275941004982	0.214394043785099
0.121032920246216	0.212795976498049
0.121537573073705	0.211029691601837
0.12178989948745	0.209263406705624
0.122042225901195	0.20741301300483
0.122378661119521	0.205310292890291
0.122378661119521	0.202955246362007
0.122378661119521	0.200347873419979
0.122210443510358	0.198329262110021
0.12178989948745	0.196478868409227
0.121453464269124	0.194376148294688
0.121032920246216	0.191516448938915
0.120612376223308	0.189413728824376
0.120360049809563	0.187563335123582
0.119939505786656	0.185544723813624
0.119771288177493	0.18369433011283
0.119518961763748	0.181086957170802
0.119266635350003	0.178900128251681
0.119014308936259	0.176965625746305
0.118761982522514	0.174778796827185
0.118341438499606	0.171498553448504
0.11800500328128	0.169732268552291
0.117836785672117	0.167881874851497
0.117584459258372	0.165779154736958
0.117163915235464	0.163760543427
0.116827480017138	0.161994258530788
0.116575153603393	0.160227973634575
0.116070500775904	0.158293471129199
0.115818174362159	0.156443077428405
0.115397630339252	0.15459268372761
0.114977086316344	0.152742290026816
0.114472433488854	0.150891896326022
0.113967780661365	0.148957393820646
0.113547236638457	0.147191108924433
0.113042583810968	0.145340715223639
0.112537930983479	0.143490321522845
0.111949169351408	0.141724036626632
0.1115286253285	0.139957401277067
0.11102397250101	0.138275225185436
0.110771646087266	0.136508940289223
0.110687537282684	0.133817458542613
0.110603428478103	0.131462412014329
0.110603428478103	0.12826627744023
0.110603428478103	0.12557479569362
0.110855754891847	0.123472075579081
0.111192190110174	0.121369355464542
0.111612734133081	0.119603070568329
0.112285604569734	0.117752676867535
0.112874366201805	0.115818174362159
0.113547236638457	0.113883671856783
0.114135998270528	0.112117386960571
0.114892977511762	0.110519319673521
0.115649956752996	0.10883714358189
0.116491044798812	0.107154967490259
0.117248024040046	0.105556900203209
0.118930200131677	0.104799920961975
0.12069648502789	0.104884029766557
0.122294552314939	0.105893335421535
0.123640293188244	0.107070858685677
0.124817816452386	0.108416599558982
0.12607944852111	0.109678231627705
0.12717286298067	0.111108081305592
0.128350386244812	0.112453822178897
0.129527909508953	0.113799563052202
0.130789541577677	0.115061195120925
0.131967064841819	0.11640693599423
0.13314458810596	0.117752676867535
0.134238002565521	0.119182526545422
0.135247308220499	0.12069648502789
0.136424831484641	0.122042225901195
0.13743413713962	0.123640293188244
0.138359333990017	0.125238360475294
0.139368639644996	0.126752318957762
0.140377945299975	0.128434495049393
0.141303492603724	0.129948453531861
0.142565124672448	0.131294194405166
0.143826756741171	0.13255582647389
0.145004280005313	0.133901567347195
0.146265912074036	0.135163199415918
0.147779870556504	0.136088396266315
0.149209720234391	0.137181810725875
0.150723678716859	0.138107007576272
0.15240585480849	0.138863986817507
0.154424466118447	0.139536857254159
0.156274859819242	0.139957401277067
0.160143864829993	0.140209727690811
0.162246584944532	0.139957401277067
0.164012869840745	0.139452748449577
0.165442719518632	0.138359333990017
0.166199698759866	0.136677157898386
0.166199698759866	0.134322111370102
0.165695045932376	0.132471717669308
0.165190393104887	0.130705432773095
0.164349305059071	0.129107365486046
0.163255890599511	0.127677515808159
0.162246584944532	0.126163557325691
0.160984952875809	0.124901925256968
0.160059756025412	0.1233879667745
0.159218667979596	0.12178989948745
0.158461688738362	0.120107723395819
0.157872927106291	0.118425547304188
0.157115947865057	0.116827480017138
0.156611295037568	0.114977086316344
0.155938424600915	0.113210801420131
0.1550973365551	0.1115286253285
0.154256248509284	0.109762340432287
0.153246942854306	0.108164273145237
0.152489963613072	0.106566205858188
0.151564766762674	0.10505224737572
0.15080778752144	0.103285962479507
0.149966699475625	0.101603786387876
0.149041502625228	0.0998375014916631
0.147948088165667	0.0984076518137766
0.14702289131527	0.0968936933313085
0.146181803269455	0.0952115172396773
0.145256606419057	0.0936134499526277
0.144247300764079	0.0920153826655781
0.143322103913682	0.09050142418311
0.142396907063284	0.0889033568960604
0.14163992782205	0.0873052896090108
0.140882948580816	0.0857072223219612
0.140041510081648	0.0841091550349115
0.139284530840414	0.0825110877478619
0.138611660403762	0.0806606940470676
0.137770572357946	0.079062626760018
0.136677157898386	0.0776327770821315
0.135583743438826	0.076202927404245
0.13474265539301	0.0746048601171953
0.13364924093345	0.0731750104393088
0.132724044083053	0.0715769431522592
0.131630629623492	0.0701470934743727
0.130705432773095	0.0686331349919047
0.129612018313535	0.0672032853140181
0.128434495049393	0.0658575444407132
0.127425189394414	0.0643435859582451
0.126331774934854	0.0629137362803586
0.125406578084457	0.0613997777978906
0.124144946015734	0.0601381457291672
0.122967422751592	0.0587924048558622
0.12178989948745	0.0574466639825573
0.12069648502789	0.0560168143046708
0.119771288177493	0.0545028558222027
0.118761982522514	0.0529047885351531
0.117752676867535	0.051390830052685
0.116575153603393	0.0500450891793801
0.115565847948415	0.0484470218923305
0.114388324684273	0.0471012810190255
0.113210801420131	0.0457551896923682
0.112117386960571	0.0443253400144816
0.110771646087266	0.0431478167503398
0.109678231627705	0.0417179670724533
0.108584817168145	0.0402040085899853
0.107659620317748	0.0385218324983541
0.106734423467351	0.037007874015886
0.106061553030698	0.0352415891196733
0.105556900203209	0.0335595532093831
0.10505224737572	0.0318773420724166
0.104631703352812	0.0300269483716223
0.104127050525323	0.028176554670828
0.10345418008867	0.0262420521654522
0.103285962479507	0.0236346792234238
0.102865418456599	0.0207749448223156
0.102781309652018	0.0182516806848688
0.102781309652018	0.0161489605703298
0.102528983238273	0.0125322469279876
0.101940221606202	0.0107659620317748
0.101772003997039	0.00765393626225712
0.101603786387876	0.00588765136604438
0.101435568778713	0.00378489620617016
0.101099133560386	0.00109341796409379
0.100930915951223	0
