77 0
77 69
76 69
76 84
75 84
75 88
74 88
74 91
73 91
73 96
72 96
72 98
71 98
71 100
70 100
70 103
69 103
69 104
68 104
68 106
67 106
67 108
66 108
66 109
65 109
65 110
64 110
64 111
63 111
63 112
61 112
61 114
59 114
59 115
58 115
58 117
56 117
56 118
55 118
55 120
54 120
54 121
53 121
53 122
52 122
52 125
51 125
51 126
50 126
50 127
49 127
49 129
48 129
48 131
47 131
47 132
46 132
46 134
45 134
45 135
44 135
44 136
43 136
43 139
42 139
42 140
41 140
41 141
40 141
40 143
39 143
39 145
37 145
37 148
36 148
36 149
35 149
35 150
34 150
34 152
33 152
33 154
31 154
31 157
29 157
29 159
28 159
28 161
27 161
27 163
25 163
25 166
23 166
23 168
22 168
22 171
21 171
21 172
20 172
20 173
19 173
19 175
18 175
18 176
17 176
17 177
16 177
16 178
15 178
15 180
14 180
14 181
13 181
13 183
12 183
12 184
11 184
11 186
10 186
10 189
9 189
9 191
8 191
8 194
7 194
7 226
6 226
6 231
5 231
5 235
4 235
4 241
3 241
3 245
2 245
2 249
1 249
1 255
0 255
0 268
1 268
1 270
2 270
2 272
4 272
4 274
5 274
5 275
7 275
7 277
8 277
8 278
10 278
10 279
11 279
11 280
13 280
13 281
15 281
15 282
16 282
16 283
17 283
17 284
19 284
19 285
21 285
21 286
22 286
22 287
23 287
23 288
24 288
24 289
25 289
25 290
27 290
27 291
28 291
28 293
29 293
29 294
30 294
30 296
31 296
31 297
32 297
32 299
33 299
33 300
34 300
34 301
35 301
35 302
36 302
36 303
37 303
37 306
38 306
38 307
39 307
39 308
40 308
40 309
41 309
41 310
43 310
43 311
45 311
45 327
46 327
46 349
47 349
47 356
48 356
48 362
49 362
49 371
50 371
50 375
51 375
51 380
52 380
52 397
53 397
53 403
54 403
54 410
55 410
55 417
56 417
56 420
57 420
57 423
58 423
58 427
59 427
59 429
60 429
60 431
61 431
61 434
62 434
62 435
63 435
63 436
64 436
64 438
65 438
65 439
66 439
66 440
67 440
67 442
68 442
68 443
69 443
69 444
71 444
71 445
73 445
73 446
78 446
78 447
80 447
80 446
83 446
83 445
85 445
85 444
86 444
86 443
87 443
87 454
88 454
88 461
89 461
89 464
90 464
90 465
91 465
91 468
92 468
92 469
93 469
93 470
94 470
94 471
95 471
95 472
96 472
96 473
97 473
97 474
98 474
98 475
102 475
102 476
108 476
108 475
112 475
112 474
113 474
113 473
114 473
114 472
116 472
116 471
117 471
117 470
118 470
118 469
119 469
119 467
120 467
120 465
121 465
121 462
122 462
122 457
123 457
123 453
124 453
124 454
125 454
125 455
126 455
126 456
128 456
128 457
138 457
138 456
140 456
140 455
141 455
141 454
143 454
143 453
144 453
144 451
146 451
146 450
147 450
147 448
148 448
148 446
149 446
149 444
150 444
150 440
151 440
151 436
152 436
152 432
153 432
153 416
154 416
154 402
155 402
155 404
156 404
156 405
158 405
158 407
159 407
159 408
162 408
162 409
170 409
170 408
173 408
173 407
174 407
174 406
175 406
175 405
177 405
177 403
178 403
178 402
179 402
179 400
180 400
180 398
181 398
181 396
182 396
182 394
183 394
183 390
184 390
184 388
185 388
185 385
186 385
186 378
187 378
187 374
188 374
188 369
189 369
189 356
190 356
190 348
191 348
191 343
192 343
192 330
193 330
193 323
194 323
194 317
195 317
195 305
196 305
196 299
197 299
197 293
198 293
198 286
199 286
199 283
200 283
200 280
201 280
201 275
202 275
202 272
203 272
203 269
204 269
204 263
205 263
205 259
206 259
206 256
207 256
207 249
208 249
208 245
209 245
209 242
210 242
210 235
211 235
211 232
212 232
212 229
213 229
213 221
214 221
214 213
215 213
215 192
214 192
214 185
213 185
213 172
212 172
212 166
211 166
211 161
210 161
210 151
209 151
209 147
208 147
208 143
207 143
207 134
206 134
206 130
205 130
205 115
204 115
204 111
205 111
205 98
206 98
206 87
207 87
207 71
208 71
208 61
209 61
209 50
210 50
210 12
211 12
211 2
212 2
212 0
77 0