66.0002 0
66.0002 0.240001
66.2402 0.240001
66.2402 0.720003
66.4802 0.720003
66.4802 0.960004
66.7202 0.960004
66.7202 2.16001
66.9602 2.16001
66.9602 2.64001
67.2003 2.64001
67.2003 3.36001
67.4403 3.36001
67.4403 5.04002
67.6803 5.04002
67.6803 7.68003
67.9203 7.68003
67.9203 10.08
68.1603 10.08
68.1603 12.72
68.4003 12.72
68.4003 18.4801
68.6403 18.4801
68.6403 20.1601
68.8803 20.1601
68.8803 24.2401
69.1203 24.2401
69.1203 25.2001
69.3603 25.2001
69.3603 26.1601
69.6003 26.1601
69.6003 28.3201
69.8403 28.3201
69.8403 31.9201
70.0803 31.9201
70.0803 34.0801
70.3203 34.0801
70.3203 37.9201
70.5603 37.9201
70.5603 40.3202
70.8003 40.3202
70.8003 41.2802
71.0403 41.2802
71.0403 43.4402
71.2803 43.4402
71.2803 44.8802
71.5203 44.8802
71.5203 46.3202
71.7603 46.3202
71.7603 48.2402
72.0003 48.2402
72.0003 49.2002
72.2403 49.2002
72.2403 49.9202
72.4803 49.9202
72.4803 52.3202
72.7203 52.3202
72.7203 57.1202
72.4803 57.1202
72.4803 60.2402
72.7203 60.2402
72.7203 61.4402
72.9603 61.4402
72.9603 62.8802
73.2003 62.8802
73.2003 66.2402
73.4403 66.2402
73.4403 67.2003
73.6803 67.2003
73.6803 67.9203
73.9203 67.9203
73.9203 69.6003
74.1603 69.6003
74.1603 70.3203
74.4003 70.3203
74.4003 71.5203
74.6403 71.5203
74.6403 78.9603
74.8803 78.9603
74.8803 79.9203
75.1203 79.9203
75.1203 81.1203
75.3603 81.1203
75.3603 86.4003
75.6003 86.4003
75.6003 88.0803
75.8403 88.0803
75.8403 90.0003
76.0803 90.0003
76.0803 92.8803
76.3203 92.8803
76.3203 93.8404
76.5603 93.8404
76.5603 94.3204
76.8003 94.3204
76.8003 95.5204
77.0403 95.5204
77.0403 96.4804
77.2803 96.4804
77.2803 97.6804
77.5203 97.6804
77.5203 101.76
77.2803 101.76
77.2803 103.2
77.0403 103.2
77.0403 104.64
76.8003 104.64
76.8003 107.04
76.5603 107.04
76.5603 108
76.3203 108
76.3203 108.72
76.0803 108.72
76.0803 110.16
75.8403 110.16
75.8403 110.64
75.6003 110.64
75.6003 111.36
75.3603 111.36
75.3603 112.56
75.1203 112.56
75.1203 113.52
74.8803 113.52
74.8803 114.48
74.6403 114.48
74.6403 115.92
74.4003 115.92
74.4003 116.64
74.1603 116.64
74.1603 117.12
73.9203 117.12
73.9203 118.08
73.6803 118.08
73.6803 118.56
73.4403 118.56
73.4403 119.04
73.2003 119.04
73.2003 119.76
72.9603 119.76
72.9603 120.24
72.7203 120.24
72.7203 120.48
72.4803 120.48
72.4803 121.2
72.2403 121.2
72.2403 121.68
72.0003 121.68
72.0003 121.92
71.7603 121.92
71.7603 122.88
71.5203 122.88
71.5203 123.12
71.2803 123.12
71.2803 123.84
71.0403 123.84
71.0403 124.56
70.8003 124.56
70.8003 125.28
70.5603 125.28
70.5603 125.52
70.3203 125.52
70.3203 126.48
70.0803 126.48
70.0803 126.96
69.8403 126.96
69.8403 127.44
69.6003 127.44
69.6003 128.88
69.3603 128.88
69.3603 129.6
69.1203 129.6
69.1203 130.08
68.8803 130.08
68.8803 131.04
68.6403 131.04
68.6403 131.76
68.4003 131.76
68.4003 132.48
68.1603 132.48
68.1603 133.44
67.9203 133.44
67.9203 134.161
67.6803 134.161
67.6803 134.881
67.4403 134.881
67.4403 136.321
67.2003 136.321
67.2003 137.041
66.9602 137.041
66.9602 137.521
66.7202 137.521
66.7202 138.721
66.4802 138.721
66.4802 139.201
66.2402 139.201
66.2402 139.681
66.0002 139.681
66.0002 140.161
65.7602 140.161
65.7602 140.881
65.5202 140.881
65.5202 141.361
65.2802 141.361
65.2802 141.841
65.0402 141.841
65.0402 142.801
64.8002 142.801
64.8002 143.521
64.5602 143.521
64.5602 144.001
64.3202 144.001
64.3202 145.681
64.0802 145.681
64.0802 146.881
63.8402 146.881
63.8402 147.841
63.6002 147.841
63.6002 149.281
63.3602 149.281
63.3602 150.001
63.1202 150.001
63.1202 150.721
62.8802 150.721
62.8802 151.681
62.6402 151.681
62.6402 152.161
62.4002 152.161
62.4002 152.881
62.1602 152.881
62.1602 153.841
61.9202 153.841
61.9202 154.561
61.6802 154.561
61.6802 155.281
61.4402 155.281
61.4402 156.961
61.2002 156.961
61.2002 157.681
60.9602 157.681
60.9602 158.161
60.7202 158.161
60.7202 159.601
60.4802 159.601
60.4802 160.321
60.2402 160.321
60.2402 161.521
60.0002 161.521
60.0002 163.441
59.7602 163.441
59.7602 164.161
59.5202 164.161
59.5202 164.881
59.2802 164.881
59.2802 165.841
59.0402 165.841
59.0402 166.561
58.8002 166.561
58.8002 167.041
58.5602 167.041
58.5602 168.001
58.3202 168.001
58.3202 168.721
58.0802 168.721
58.0802 169.441
57.8402 169.441
57.8402 171.361
57.6002 171.361
57.6002 172.561
57.3602 172.561
57.3602 173.761
57.1202 173.761
57.1202 175.441
56.8802 175.441
56.8802 176.401
56.6402 176.401
56.6402 177.121
56.4002 177.121
56.4002 178.321
56.1602 178.321
56.1602 179.041
55.9202 179.041
55.9202 179.761
55.6802 179.761
55.6802 181.201
55.4402 181.201
55.4402 182.401
55.2002 182.401
55.2002 183.361
54.9602 183.361
54.9602 185.521
54.7202 185.521
54.7202 186.481
54.4802 186.481
54.4802 188.641
54.2402 188.641
54.2402 192.001
54.0002 192.001
54.0002 192.721
53.7602 192.721
53.7602 193.441
53.5202 193.441
53.5202 194.641
53.2802 194.641
53.2802 195.121
53.0402 195.121
53.0402 195.841
52.8002 195.841
52.8002 197.521
52.5602 197.521
52.5602 198.481
52.3202 198.481
52.3202 199.681
52.0802 199.681
52.0802 201.361
51.8402 201.361
51.8402 202.081
51.6002 202.081
51.6002 203.041
51.3602 203.041
51.3602 205.441
51.1202 205.441
51.1202 207.601
50.8802 207.601
50.8802 209.041
50.6402 209.041
50.6402 210.961
50.4002 210.961
50.4002 211.921
50.1602 211.921
50.1602 212.881
49.9202 212.881
49.9202 215.281
49.6802 215.281
49.6802 216.481
49.4402 216.481
49.4402 217.681
49.2002 217.681
49.2002 220.081
48.9602 220.081
48.9602 221.041
48.7202 221.041
48.7202 222.001
48.4802 222.001
48.4802 223.441
48.2402 223.441
48.2402 224.401
48.0002 224.401
48.0002 225.361
47.7602 225.361
47.7602 228.001
47.5202 228.001
47.5202 228.961
47.2802 228.961
47.2802 229.681
47.0402 229.681
47.0402 231.121
46.8002 231.121
46.8002 231.841
46.5602 231.841
46.5602 232.561
46.3202 232.561
46.3202 234.481
46.0802 234.481
46.0802 235.441
45.8402 235.441
45.8402 236.641
45.6002 236.641
45.6002 238.081
45.3602 238.081
45.3602 238.561
45.1202 238.561
45.1202 239.041
44.8802 239.041
44.8802 240.001
44.6402 240.001
44.6402 240.481
44.4002 240.481
44.4002 240.961
44.1602 240.961
44.1602 241.921
43.9202 241.921
43.9202 242.641
43.6802 242.641
43.6802 243.361
43.4402 243.361
43.4402 245.281
43.2002 245.281
43.2002 246.241
42.9602 246.241
42.9602 246.961
42.7202 246.961
42.7202 248.401
42.4802 248.401
42.4802 249.121
42.2402 249.121
42.2402 249.841
42.0002 249.841
42.0002 251.281
41.7602 251.281
41.7602 251.761
41.5202 251.761
41.5202 252.721
41.2802 252.721
41.2802 254.641
41.0402 254.641
41.0402 255.601
40.8002 255.601
40.8002 256.561
40.5602 256.561
40.5602 257.761
40.3202 257.761
40.3202 258.481
40.0801 258.481
40.0801 259.201
39.8401 259.201
39.8401 261.121
39.6001 261.121
39.6001 262.081
39.3601 262.081
39.3601 263.041
39.1201 263.041
39.1201 264.721
38.8801 264.721
38.8801 265.441
38.6401 265.441
38.6401 266.161
38.4001 266.161
38.4001 267.841
38.1601 267.841
38.1601 268.801
37.9201 268.801
37.9201 269.521
37.6801 269.521
37.6801 270.721
37.4401 270.721
37.4401 271.201
37.2001 271.201
37.2001 271.681
36.9601 271.681
36.9601 272.641
36.7201 272.641
36.7201 273.121
36.4801 273.121
36.4801 273.361
36.2401 273.361
36.2401 274.081
36.0001 274.081
36.0001 274.561
35.7601 274.561
35.7601 274.801
35.5201 274.801
35.5201 275.521
35.2801 275.521
35.2801 276.001
35.0401 276.001
35.0401 276.721
34.8001 276.721
34.8001 277.681
34.5601 277.681
34.5601 278.161
34.3201 278.161
34.3201 278.641
34.0801 278.641
34.0801 279.601
33.8401 279.601
33.8401 280.081
33.6001 280.081
33.6001 280.321
33.3601 280.321
33.3601 281.281
33.1201 281.281
33.1201 281.761
32.8801 281.761
32.8801 282.001
32.6401 282.001
32.6401 282.721
32.4001 282.721
32.4001 283.201
32.1601 283.201
32.1601 283.441
31.9201 283.441
31.9201 284.401
31.6801 284.401
31.6801 284.641
31.4401 284.641
31.4401 285.361
31.2001 285.361
31.2001 286.321
30.9601 286.321
30.9601 286.801
30.7201 286.801
30.7201 287.521
30.4801 287.521
30.4801 288.481
30.2401 288.481
30.2401 288.961
30.0001 288.961
30.0001 289.441
29.7601 289.441
29.7601 290.401
29.5201 290.401
29.5201 290.881
29.2801 290.881
29.2801 291.121
29.0401 291.121
29.0401 291.841
28.8001 291.841
28.8001 292.561
28.5601 292.561
28.5601 292.801
28.3201 292.801
28.3201 293.521
28.0801 293.521
28.0801 294.001
27.8401 294.001
27.8401 294.241
27.6001 294.241
27.6001 294.961
27.3601 294.961
27.3601 295.441
27.1201 295.441
27.1201 295.921
26.8801 295.921
26.8801 296.881
26.6401 296.881
26.6401 297.121
26.4001 297.121
26.4001 297.601
26.1601 297.601
26.1601 298.321
25.9201 298.321
25.9201 298.801
25.6801 298.801
25.6801 299.041
25.4401 299.041
25.4401 299.761
24.9601 299.761
24.9601 300.241
24.7201 300.241
24.7201 300.721
24.4801 300.721
24.4801 300.961
24.2401 300.961
24.2401 301.201
24.0001 301.201
24.0001 301.681
23.7601 301.681
23.7601 301.921
23.5201 301.921
23.5201 302.161
23.2801 302.161
23.2801 302.641
23.0401 302.641
23.0401 302.881
22.8001 302.881
22.8001 303.121
22.5601 303.121
22.5601 303.601
22.3201 303.601
22.3201 304.081
21.8401 304.081
21.8401 304.801
21.6001 304.801
21.6001 305.041
21.3601 305.041
21.3601 305.521
21.1201 305.521
21.1201 306.001
20.8801 306.001
20.8801 306.481
20.4001 306.481
20.4001 307.201
20.1601 307.201
20.1601 307.441
19.9201 307.441
19.9201 307.681
19.6801 307.681
19.6801 308.161
19.4401 308.161
19.4401 308.641
18.9601 308.641
18.9601 309.361
18.7201 309.361
18.7201 309.601
18.4801 309.601
18.4801 310.081
18.2401 310.081
18.2401 310.801
18.0001 310.801
18.0001 311.041
17.7601 311.041
17.7601 311.521
17.5201 311.521
17.5201 312.001
17.2801 312.001
17.2801 312.241
17.0401 312.241
17.0401 312.721
16.8001 312.721
16.8001 313.201
16.5601 313.201
16.5601 313.681
16.0801 313.681
16.0801 314.161
15.8401 314.161
15.8401 314.641
15.6001 314.641
15.6001 314.881
15.3601 314.881
15.3601 315.121
15.1201 315.121
15.1201 315.841
14.8801 315.841
14.8801 316.081
14.6401 316.081
14.6401 316.321
14.4001 316.321
14.4001 316.801
14.1601 316.801
14.1601 317.281
13.6801 317.281
13.6801 318.001
13.4401 318.001
13.4401 318.241
13.2 318.241
13.2 318.721
12.96 318.721
12.96 319.201
12.72 319.201
12.72 319.441
12.48 319.441
12.48 319.681
12.24 319.681
12.24 320.401
12 320.401
12 320.881
11.76 320.881
11.76 321.121
11.52 321.121
11.52 322.081
11.28 322.081
11.28 322.321
11.04 322.321
11.04 322.801
10.8 322.801
10.8 323.521
10.56 323.521
10.56 323.761
10.32 323.761
10.32 324.241
10.08 324.241
10.08 324.961
9.84004 324.961
9.84004 325.201
9.60004 325.201
9.60004 325.441
9.36003 325.441
9.36003 326.161
9.12003 326.161
9.12003 326.641
8.88003 326.641
8.88003 326.881
8.64003 326.881
8.64003 327.601
8.40003 327.601
8.40003 328.081
8.16003 328.081
8.16003 328.561
7.92003 328.561
7.92003 329.521
7.68003 329.521
7.68003 330.241
7.44003 330.241
7.44003 330.481
7.20003 330.481
7.20003 331.441
6.96003 331.441
6.96003 331.921
6.72003 331.921
6.72003 332.401
6.48002 332.401
6.48002 333.361
6.24002 333.361
6.24002 333.841
6.00002 333.841
6.00002 334.561
5.76002 334.561
5.76002 336.241
5.52002 336.241
5.52002 337.201
5.28002 337.201
5.28002 337.921
5.04002 337.921
5.04002 340.321
4.80002 340.321
4.80002 342.241
4.56002 342.241
4.56002 343.681
4.32002 343.681
4.32002 345.361
4.08002 345.361
4.08002 346.081
3.84001 346.081
3.84001 347.041
3.60001 347.041
3.60001 348.241
3.36001 348.241
3.36001 348.961
3.12001 348.961
3.12001 349.921
2.88001 349.921
2.88001 351.601
2.64001 351.601
2.64001 352.801
2.40001 352.801
2.40001 353.521
2.16001 353.521
2.16001 354.961
1.92001 354.961
1.92001 355.441
1.68001 355.441
1.68001 355.921
1.44001 355.921
1.44001 357.361
1.2 357.361
1.2 357.841
0.960004 357.841
0.960004 358.801
0.720003 358.801
0.720003 360.721
0.480002 360.721
0.480002 361.441
0.240001 361.441
0.240001 362.161
0 362.161
0 370.081
0.240001 370.081
0.240001 370.801
0.480002 370.801
0.480002 371.281
0.720003 371.281
0.720003 372.241
0.960004 372.241
0.960004 372.721
1.2 372.721
1.2 372.961
1.44001 372.961
1.44001 374.161
1.68001 374.161
1.68001 374.401
1.92001 374.401
1.92001 374.881
2.16001 374.881
2.16001 375.601
2.40001 375.601
2.40001 375.841
2.64001 375.841
2.64001 376.081
2.88001 376.081
2.88001 376.561
3.36001 376.561
3.36001 376.801
3.60001 376.801
3.60001 377.041
3.84001 377.041
3.84001 377.281
4.32002 377.281
4.32002 377.521
4.56002 377.521
4.56002 377.761
4.80002 377.761
4.80002 378.001
5.28002 378.001
5.28002 378.241
5.52002 378.241
5.52002 378.481
5.76002 378.481
5.76002 378.721
6.24002 378.721
6.24002 378.961
6.48002 378.961
6.48002 379.201
6.72003 379.201
6.72003 379.441
7.20003 379.441
7.20003 379.681
7.68003 379.681
7.68003 379.921
7.92003 379.921
7.92003 380.161
8.64003 380.161
8.64003 380.401
9.12003 380.401
9.12003 380.641
9.60004 380.641
9.60004 380.881
11.04 380.881
11.04 381.121
13.4401 381.121
13.4401 380.881
15.8401 380.881
15.8401 380.641
16.5601 380.641
16.5601 380.401
17.2801 380.401
17.2801 380.161
18.4801 380.161
18.4801 379.921
19.2001 379.921
19.2001 379.681
19.6801 379.681
19.6801 379.441
20.8801 379.441
20.8801 379.201
21.1201 379.201
21.1201 378.961
21.6001 378.961
21.6001 378.721
22.3201 378.721
22.3201 378.481
22.8001 378.481
22.8001 378.241
23.0401 378.241
23.0401 378.001
23.7601 378.001
23.7601 377.761
24.0001 377.761
24.0001 377.521
24.2401 377.521
24.2401 377.281
24.4801 377.281
24.4801 377.041
24.9601 377.041
24.9601 376.801
25.2001 376.801
25.2001 376.561
25.4401 376.561
25.4401 376.321
25.6801 376.321
25.6801 375.841
25.9201 375.841
25.9201 375.601
26.1601 375.601
26.1601 375.361
26.4001 375.361
26.4001 375.121
26.6401 375.121
26.6401 374.881
26.8801 374.881
26.8801 374.641
27.1201 374.641
27.1201 374.401
27.3601 374.401
27.3601 374.161
27.6001 374.161
27.6001 373.921
27.8401 373.921
27.8401 373.681
28.0801 373.681
28.0801 373.441
28.3201 373.441
28.3201 373.201
28.5601 373.201
28.5601 372.961
28.8001 372.961
28.8001 372.721
29.0401 372.721
29.0401 372.481
29.2801 372.481
29.2801 372.241
29.5201 372.241
29.5201 371.761
29.7601 371.761
29.7601 371.521
30.2401 371.521
30.2401 371.041
30.4801 371.041
30.4801 370.801
30.7201 370.801
30.7201 370.561
30.9601 370.561
30.9601 370.081
31.2001 370.081
31.2001 369.841
31.4401 369.841
31.4401 369.601
31.6801 369.601
31.6801 369.121
31.9201 369.121
31.9201 368.881
32.1601 368.881
32.1601 368.641
32.4001 368.641
32.4001 367.921
32.6401 367.921
32.6401 367.681
32.8801 367.681
32.8801 367.441
33.1201 367.441
33.1201 367.201
33.3601 367.201
33.3601 366.481
33.8401 366.481
33.8401 366.001
34.0801 366.001
34.0801 365.521
34.3201 365.521
34.3201 365.041
34.8001 365.041
34.8001 364.321
35.0401 364.321
35.0401 364.081
35.2801 364.081
35.2801 363.841
35.5201 363.841
35.5201 363.121
35.7601 363.121
35.7601 362.881
36.0001 362.881
36.0001 362.401
36.2401 362.401
36.2401 361.681
36.4801 361.681
36.4801 361.441
36.7201 361.441
36.7201 360.961
36.9601 360.961
36.9601 360.001
37.2001 360.001
37.2001 359.761
37.4401 359.761
37.4401 359.041
37.6801 359.041
37.6801 358.321
37.9201 358.321
37.9201 357.601
38.1601 357.601
38.1601 357.121
38.4001 357.121
38.4001 356.161
38.6401 356.161
38.6401 355.921
38.8801 355.921
38.8801 355.441
39.1201 355.441
39.1201 354.481
39.3601 354.481
39.3601 354.001
39.6001 354.001
39.6001 353.281
39.8401 353.281
39.8401 352.321
40.0801 352.321
40.0801 351.841
40.3202 351.841
40.3202 351.361
40.5602 351.361
40.5602 350.641
40.8002 350.641
40.8002 350.161
41.0402 350.161
41.0402 349.681
41.2802 349.681
41.2802 348.721
41.5202 348.721
41.5202 348.241
41.7602 348.241
41.7602 347.761
42.0002 347.761
42.0002 346.801
42.2402 346.801
42.2402 346.561
42.4802 346.561
42.4802 346.081
42.7202 346.081
42.7202 345.361
42.9602 345.361
42.9602 345.121
43.2002 345.121
43.2002 344.641
43.4402 344.641
43.4402 344.161
43.6802 344.161
43.6802 343.921
43.9202 343.921
43.9202 343.681
44.1602 343.681
44.1602 343.201
44.4002 343.201
44.4002 342.721
44.6402 342.721
44.6402 342.481
44.8802 342.481
44.8802 342.001
45.1202 342.001
45.1202 341.761
45.3602 341.761
45.3602 341.521
45.6002 341.521
45.6002 341.041
45.8402 341.041
45.8402 340.801
46.0802 340.801
46.0802 340.321
46.3202 340.321
46.3202 339.841
46.5602 339.841
46.5602 339.601
46.8002 339.601
46.8002 339.361
47.0402 339.361
47.0402 338.641
47.2802 338.641
47.2802 338.401
47.5202 338.401
47.5202 338.161
47.7602 338.161
47.7602 337.201
48.0002 337.201
48.0002 336.721
48.2402 336.721
48.2402 336.481
48.4802 336.481
48.4802 335.521
48.7202 335.521
48.7202 335.281
48.9602 335.281
48.9602 334.801
49.2002 334.801
49.2002 334.081
49.4402 334.081
49.4402 333.841
49.6802 333.841
49.6802 333.121
49.9202 333.121
49.9202 332.401
50.1602 332.401
50.1602 332.161
50.4002 332.161
50.4002 331.681
50.6402 331.681
50.6402 330.961
50.8802 330.961
50.8802 330.481
51.1202 330.481
51.1202 330.241
51.3602 330.241
51.3602 329.521
51.6002 329.521
51.6002 329.041
51.8402 329.041
51.8402 328.801
52.0802 328.801
52.0802 328.081
52.3202 328.081
52.3202 327.601
52.5602 327.601
52.5602 327.361
52.8002 327.361
52.8002 326.641
53.0402 326.641
53.0402 326.161
53.2802 326.161
53.2802 325.921
53.5202 325.921
53.5202 325.201
53.7602 325.201
53.7602 324.961
54.0002 324.961
54.0002 324.481
54.2402 324.481
54.2402 324.001
54.4802 324.001
54.4802 323.761
54.7202 323.761
54.7202 323.281
54.9602 323.281
54.9602 322.321
55.2002 322.321
55.2002 321.841
55.4402 321.841
55.4402 321.361
55.6802 321.361
55.6802 320.401
55.9202 320.401
55.9202 320.161
56.1602 320.161
56.1602 319.681
56.4002 319.681
56.4002 318.721
56.6402 318.721
56.6402 318.481
56.8802 318.481
56.8802 318.001
57.1202 318.001
57.1202 317.281
57.3602 317.281
57.3602 317.041
57.6002 317.041
57.6002 316.801
57.8402 316.801
57.8402 316.081
58.0802 316.081
58.0802 315.601
58.3202 315.601
58.3202 315.361
58.5602 315.361
58.5602 314.401
58.8002 314.401
58.8002 314.161
59.0402 314.161
59.0402 313.681
59.2802 313.681
59.2802 312.961
59.5202 312.961
59.5202 312.721
59.7602 312.721
59.7602 312.241
60.0002 312.241
60.0002 311.521
60.2402 311.521
60.2402 311.281
60.4802 311.281
60.4802 310.801
60.7202 310.801
60.7202 310.081
60.9602 310.081
60.9602 309.601
61.2002 309.601
61.2002 309.121
61.4402 309.121
61.4402 308.401
61.6802 308.401
61.6802 307.921
61.9202 307.921
61.9202 307.681
62.1602 307.681
62.1602 306.721
62.4002 306.721
62.4002 306.241
62.8802 306.241
62.8802 305.521
63.1202 305.521
63.1202 305.041
63.3602 305.041
63.3602 304.801
63.6002 304.801
63.6002 304.081
63.8402 304.081
63.8402 303.601
64.0802 303.601
64.0802 303.361
64.3202 303.361
64.3202 302.641
64.5602 302.641
64.5602 302.401
64.8002 302.401
64.8002 301.921
65.0402 301.921
65.0402 301.201
65.2802 301.201
65.2802 300.961
65.5202 300.961
65.5202 300.481
65.7602 300.481
65.7602 299.761
66.0002 299.761
66.0002 299.281
66.2402 299.281
66.2402 299.041
66.4802 299.041
66.4802 298.321
66.7202 298.321
66.7202 297.841
66.9602 297.841
66.9602 297.601
67.2003 297.601
67.2003 297.121
67.4403 297.121
67.4403 296.881
67.6803 296.881
67.6803 296.641
67.9203 296.641
67.9203 296.161
68.4003 296.161
68.4003 295.921
68.6403 295.921
68.6403 295.681
68.8803 295.681
68.8803 295.441
70.3203 295.441
70.3203 295.201
72.0003 295.201
72.0003 294.961
72.7203 294.961
72.7203 294.721
73.9203 294.721
73.9203 294.961
74.6403 294.961
74.6403 295.201
75.3603 295.201
75.3603 295.441
76.0803 295.441
76.0803 295.921
76.5603 295.921
76.5603 296.161
76.8003 296.161
76.8003 296.641
77.0403 296.641
77.0403 296.881
77.2803 296.881
77.2803 297.121
77.5203 297.121
77.5203 297.841
77.7603 297.841
77.7603 298.321
78.0003 298.321
78.0003 299.041
78.2403 299.041
78.2403 300.481
78.4803 300.481
78.4803 301.681
78.7203 301.681
78.7203 302.641
78.9603 302.641
78.9603 304.081
79.2003 304.081
79.2003 305.041
79.4403 305.041
79.4403 305.761
79.6803 305.761
79.6803 307.441
79.9203 307.441
79.9203 308.401
80.1603 308.401
80.1603 309.841
80.4003 309.841
80.4003 315.841
80.1603 315.841
80.1603 316.321
79.9203 316.321
79.9203 316.561
79.6803 316.561
79.6803 317.041
79.4403 317.041
79.4403 317.281
78.9603 317.281
78.9603 317.761
78.7203 317.761
78.7203 318.001
78.2403 318.001
78.2403 318.721
78.0003 318.721
78.0003 319.441
77.7603 319.441
77.7603 319.681
77.5203 319.681
77.5203 320.881
77.2803 320.881
77.2803 321.841
77.0403 321.841
77.0403 323.041
77.2803 323.041
77.2803 324.481
77.5203 324.481
77.5203 326.641
77.7603 326.641
77.7603 327.361
78.0003 327.361
78.0003 330.241
77.7603 330.241
77.7603 330.961
77.5203 330.961
77.5203 332.641
77.2803 332.641
77.2803 333.841
77.0403 333.841
77.0403 335.041
76.8003 335.041
76.8003 339.601
77.0403 339.601
77.0403 340.321
77.2803 340.321
77.2803 340.801
77.5203 340.801
77.5203 344.881
77.2803 344.881
77.2803 346.081
77.0403 346.081
77.0403 347.041
76.8003 347.041
76.8003 349.201
76.5603 349.201
76.5603 350.161
76.3203 350.161
76.3203 351.121
76.0803 351.121
76.0803 353.041
75.8403 353.041
75.8403 354.241
75.6003 354.241
75.6003 354.961
75.3603 354.961
75.3603 356.881
75.1203 356.881
75.1203 357.841
74.8803 357.841
74.8803 358.561
74.6403 358.561
74.6403 360.961
74.4003 360.961
74.4003 362.161
74.1603 362.161
74.1603 363.361
73.9203 363.361
73.9203 365.041
73.6803 365.041
73.6803 365.761
73.4403 365.761
73.4403 366.481
73.2003 366.481
73.2003 367.921
72.9603 367.921
72.9603 368.881
72.7203 368.881
72.7203 369.841
72.4803 369.841
72.4803 376.321
72.7203 376.321
72.7203 379.921
72.4803 379.921
72.4803 398.401
72.2403 398.401
72.2403 403.442
72.0003 403.442
72.0003 405.362
71.7603 405.362
71.7603 407.522
71.5203 407.522
71.5203 408.482
71.2803 408.482
71.2803 409.682
71.0403 409.682
71.0403 425.762
70.8003 425.762
70.8003 428.162
71.0403 428.162
71.0403 433.922
70.8003 433.922
70.8003 438.722
70.5603 438.722
70.5603 444.242
70.3203 444.242
70.3203 447.362
70.5603 447.362
70.5603 450.482
70.8003 450.482
70.8003 453.602
71.0403 453.602
71.0403 454.802
71.2803 454.802
71.2803 455.282
71.5203 455.282
71.5203 455.522
71.7603 455.522
71.7603 456.242
72.0003 456.242
72.0003 456.722
72.2403 456.722
72.2403 456.962
72.4803 456.962
72.4803 457.682
72.9603 457.682
72.9603 458.162
73.2003 458.162
73.2003 458.882
73.4403 458.882
73.4403 459.122
73.6803 459.122
73.6803 459.362
73.9203 459.362
73.9203 460.082
74.1603 460.082
74.1603 460.562
74.4003 460.562
74.4003 460.802
74.6403 460.802
74.6403 461.282
74.8803 461.282
74.8803 461.762
75.1203 461.762
75.1203 462.002
75.3603 462.002
75.3603 462.722
75.6003 462.722
75.6003 463.202
75.8403 463.202
75.8403 463.442
76.0803 463.442
76.0803 464.162
76.3203 464.162
76.3203 464.642
76.5603 464.642
76.5603 464.882
76.8003 464.882
76.8003 465.602
77.2803 465.602
77.2803 466.082
77.5203 466.082
77.5203 466.322
77.7603 466.322
77.7603 466.562
78.0003 466.562
78.0003 466.802
78.2403 466.802
78.2403 467.042
78.4803 467.042
78.4803 467.282
78.7203 467.282
78.7203 467.522
78.9603 467.522
78.9603 467.762
79.4403 467.762
79.4403 468.002
79.6803 468.002
79.6803 468.482
80.4003 468.482
80.4003 468.962
80.8803 468.962
80.8803 469.202
81.1203 469.202
81.1203 469.442
81.6003 469.442
81.6003 469.682
81.8403 469.682
81.8403 469.922
82.5603 469.922
82.5603 470.402
83.0403 470.402
83.0403 470.642
84.0003 470.642
84.0003 470.882
84.7203 470.882
84.7203 471.122
85.4403 471.122
85.4403 471.362
89.2803 471.362
89.2803 471.602
90.7203 471.602
90.7203 471.842
94.8004 471.842
94.8004 471.602
96.2404 471.602
96.2404 471.362
97.4404 471.362
97.4404 471.122
97.9204 471.122
97.9204 470.882
98.4004 470.882
98.4004 470.642
99.1204 470.642
99.1204 470.402
99.8404 470.402
99.8404 470.162
100.08 470.162
100.08 469.922
101.04 469.922
101.04 469.682
101.28 469.682
101.28 469.442
101.52 469.442
101.52 469.202
102 469.202
102 468.962
102.24 468.962
102.24 468.722
102.48 468.722
102.48 468.482
102.72 468.482
102.72 468.242
102.96 468.242
102.96 467.762
103.44 467.762
103.44 467.042
103.92 467.042
103.92 466.802
104.16 466.802
104.16 466.322
104.4 466.322
104.4 466.082
104.64 466.082
104.64 465.602
104.88 465.602
104.88 465.122
105.12 465.122
105.12 464.882
105.6 464.882
105.6 464.162
105.84 464.162
105.84 463.922
106.08 463.922
106.08 463.442
106.32 463.442
106.32 462.722
106.56 462.722
106.56 462.482
106.8 462.482
106.8 462.002
107.04 462.002
107.04 460.562
107.28 460.562
107.28 459.842
107.52 459.842
107.52 459.122
107.76 459.122
107.76 456.962
108 456.962
108 455.522
108.24 455.522
108.24 454.562
108.48 454.562
108.48 452.882
108.72 452.882
108.72 451.922
108.96 451.922
108.96 450.482
109.2 450.482
109.2 447.602
109.44 447.602
109.44 446.402
109.68 446.402
109.68 444.962
109.92 444.962
109.92 437.522
109.68 437.522
109.68 433.202
109.92 433.202
109.92 431.042
109.68 431.042
109.68 423.602
109.92 423.602
109.92 418.802
110.16 418.802
110.16 417.122
110.4 417.122
110.4 413.282
110.64 413.282
110.64 404.402
110.88 404.402
110.88 403.202
111.12 403.202
111.12 402.482
111.36 402.482
111.36 400.801
111.6 400.801
111.6 400.081
111.84 400.081
111.84 399.361
112.08 399.361
112.08 396.241
112.32 396.241
112.32 395.521
112.56 395.521
112.56 394.801
112.8 394.801
112.8 393.601
113.04 393.601
113.04 392.641
113.28 392.641
113.28 391.921
113.52 391.921
113.52 390.961
113.76 390.961
113.76 390.241
114 390.241
114 389.761
114.24 389.761
114.24 388.801
114.48 388.801
114.48 388.321
114.72 388.321
114.72 388.081
114.96 388.081
114.96 386.881
115.2 386.881
115.2 386.401
115.44 386.401
115.44 385.921
115.68 385.921
115.68 384.961
115.92 384.961
115.92 383.761
116.16 383.761
116.16 382.801
116.4 382.801
116.4 380.881
116.64 380.881
116.64 380.161
116.88 380.161
116.88 379.681
117.12 379.681
117.12 378.481
117.36 378.481
117.36 378.001
117.6 378.001
117.6 377.521
117.84 377.521
117.84 376.561
118.08 376.561
118.08 375.841
118.32 375.841
118.32 375.361
118.56 375.361
118.56 374.401
118.8 374.401
118.8 373.681
119.04 373.681
119.04 372.961
119.28 372.961
119.28 368.401
119.04 368.401
119.04 367.921
118.8 367.921
118.8 366.241
119.04 366.241
119.04 365.761
119.28 365.761
119.28 364.561
119.52 364.561
119.52 363.601
119.76 363.601
119.76 358.801
119.52 358.801
119.52 356.881
119.76 356.881
119.76 352.801
120 352.801
120 348.481
120.24 348.481
120.24 348.241
120.48 348.241
120.48 348.001
120.72 348.001
120.72 347.521
121.2 347.521
121.2 347.041
121.44 347.041
121.44 346.081
121.68 346.081
121.68 345.601
121.92 345.601
121.92 345.361
122.16 345.361
122.16 344.161
122.4 344.161
122.4 342.961
122.64 342.961
122.64 342.001
122.88 342.001
122.88 341.041
123.12 341.041
123.12 340.801
123.36 340.801
123.36 340.321
123.6 340.321
123.6 338.641
123.84 338.641
123.84 337.681
124.08 337.681
124.08 336.961
124.32 336.961
124.32 335.281
124.56 335.281
124.56 334.561
124.8 334.561
124.8 334.081
125.04 334.081
125.04 333.121
125.28 333.121
125.28 332.401
125.52 332.401
125.52 332.161
125.76 332.161
125.76 331.921
126.48 331.921
126.48 332.161
126.72 332.161
126.72 335.281
126.96 335.281
126.96 337.201
127.2 337.201
127.2 339.361
127.44 339.361
127.44 343.201
127.68 343.201
127.68 343.921
127.92 343.921
127.92 345.361
128.16 345.361
128.16 350.401
128.4 350.401
128.4 351.841
128.64 351.841
128.64 354.241
128.4 354.241
128.4 354.481
128.64 354.481
128.64 356.401
128.88 356.401
128.88 365.281
128.64 365.281
128.64 368.641
128.4 368.641
128.4 370.801
128.16 370.801
128.16 378.721
127.92 378.721
127.92 379.441
127.68 379.441
127.68 381.121
127.44 381.121
127.44 384.961
127.2 384.961
127.2 385.201
126.96 385.201
126.96 387.361
126.72 387.361
126.72 389.761
126.48 389.761
126.48 392.641
126.24 392.641
126.24 393.841
126.48 393.841
126.48 396.241
126.72 396.241
126.72 401.041
126.96 401.041
126.96 402.242
127.2 402.242
127.2 403.442
127.44 403.442
127.44 405.362
127.68 405.362
127.68 406.322
127.92 406.322
127.92 407.042
128.16 407.042
128.16 408.962
128.4 408.962
128.4 409.922
128.64 409.922
128.64 410.402
128.88 410.402
128.88 411.362
129.12 411.362
129.12 412.082
129.36 412.082
129.36 412.802
129.6 412.802
129.6 414.242
129.84 414.242
129.84 415.682
130.08 415.682
130.08 423.362
129.84 423.362
129.84 424.082
130.08 424.082
130.08 424.322
129.84 424.322
129.84 442.082
129.6 442.082
129.6 445.922
129.36 445.922
129.36 447.362
129.12 447.362
129.12 449.282
128.88 449.282
128.88 458.402
128.64 458.402
128.64 459.602
128.4 459.602
128.4 460.802
128.16 460.802
128.16 474.242
127.92 474.242
127.92 479.042
128.16 479.042
128.16 481.202
128.4 481.202
128.4 482.162
128.64 482.162
128.64 482.642
128.88 482.642
128.88 483.842
129.12 483.842
129.12 484.562
129.36 484.562
129.36 485.042
129.6 485.042
129.6 486.482
129.84 486.482
129.84 486.962
130.08 486.962
130.08 487.442
130.32 487.442
130.32 488.162
130.56 488.162
130.56 488.402
130.8 488.402
130.8 488.882
131.04 488.882
131.04 489.602
131.28 489.602
131.28 490.082
131.52 490.082
131.52 490.322
131.76 490.322
131.76 491.042
132 491.042
132 491.522
132.24 491.522
132.24 491.762
132.48 491.762
132.48 492.482
132.72 492.482
132.72 492.722
132.96 492.722
132.96 492.962
133.2 492.962
133.2 493.202
133.44 493.202
133.44 493.682
133.68 493.682
133.68 493.922
133.92 493.922
133.92 494.162
134.161 494.162
134.161 494.402
134.401 494.402
134.401 494.642
134.881 494.642
134.881 494.882
135.121 494.882
135.121 495.122
135.361 495.122
135.361 495.362
135.841 495.362
135.841 495.602
136.081 495.602
136.081 496.082
136.801 496.082
136.801 496.562
137.281 496.562
137.281 496.802
137.761 496.802
137.761 497.042
138.241 497.042
138.241 497.282
138.481 497.282
138.481 497.522
139.201 497.522
139.201 497.762
139.681 497.762
139.681 498.002
140.161 498.002
140.161 498.242
141.121 498.242
141.121 498.482
141.841 498.482
141.841 498.722
142.561 498.722
142.561 498.962
144.001 498.962
144.001 499.202
144.961 499.202
144.961 499.442
145.921 499.442
145.921 499.682
153.121 499.682
153.121 499.442
153.601 499.442
153.601 499.202
154.321 499.202
154.321 498.962
155.521 498.962
155.521 498.722
155.761 498.722
155.761 498.482
156.241 498.482
156.241 498.242
156.961 498.242
156.961 498.002
157.441 498.002
157.441 497.762
157.681 497.762
157.681 497.522
158.641 497.522
158.641 497.282
159.121 497.282
159.121 497.042
159.361 497.042
159.361 496.802
159.841 496.802
159.841 496.562
160.321 496.562
160.321 496.322
160.561 496.322
160.561 496.082
161.281 496.082
161.281 495.602
161.521 495.602
161.521 495.362
162.001 495.362
162.001 494.882
162.241 494.882
162.241 494.642
162.721 494.642
162.721 494.162
162.961 494.162
162.961 493.922
163.201 493.922
163.201 493.682
163.441 493.682
163.441 493.202
163.681 493.202
163.681 492.962
163.921 492.962
163.921 492.482
164.161 492.482
164.161 492.242
164.401 492.242
164.401 491.762
164.881 491.762
164.881 491.042
165.361 491.042
165.361 490.802
165.601 490.802
165.601 490.322
165.841 490.322
165.841 490.082
166.081 490.082
166.081 489.602
166.321 489.602
166.321 489.122
166.561 489.122
166.561 488.882
166.801 488.882
166.801 488.402
167.041 488.402
167.041 487.442
167.281 487.442
167.281 487.202
167.521 487.202
167.521 486.722
167.761 486.722
167.761 485.282
168.001 485.282
168.001 484.562
168.241 484.562
168.241 484.082
168.481 484.082
168.481 482.882
168.721 482.882
168.721 482.162
168.961 482.162
168.961 481.682
169.201 481.682
169.201 480.722
169.441 480.722
169.441 480.002
169.681 480.002
169.681 478.562
169.921 478.562
169.921 474.722
170.161 474.722
170.161 473.042
169.921 473.042
169.921 465.362
170.161 465.362
170.161 462.722
170.401 462.722
170.401 461.762
170.641 461.762
170.641 456.962
170.401 456.962
170.401 455.042
170.641 455.042
170.641 451.202
170.881 451.202
170.881 443.282
171.121 443.282
171.121 439.442
171.361 439.442
171.361 427.202
171.601 427.202
171.601 425.762
171.841 425.762
171.841 424.802
172.081 424.802
172.081 422.882
172.321 422.882
172.321 422.162
172.561 422.162
172.561 421.202
172.801 421.202
172.801 419.762
173.041 419.762
173.041 419.042
173.281 419.042
173.281 418.082
173.521 418.082
173.521 415.202
173.761 415.202
173.761 414.242
174.001 414.242
174.001 413.042
174.241 413.042
174.241 411.122
174.481 411.122
174.481 410.402
174.721 410.402
174.721 409.682
174.961 409.682
174.961 408.482
175.201 408.482
175.201 407.762
175.441 407.762
175.441 407.042
175.681 407.042
175.681 406.082
175.921 406.082
175.921 405.362
176.161 405.362
176.161 404.882
176.401 404.882
176.401 403.682
176.641 403.682
176.641 402.962
176.881 402.962
176.881 402.482
177.121 402.482
177.121 400.561
177.361 400.561
177.361 399.841
177.601 399.841
177.601 399.361
177.841 399.361
177.841 395.041
177.601 395.041
177.601 394.321
177.361 394.321
177.361 393.841
177.121 393.841
177.121 392.641
176.881 392.641
176.881 391.441
176.641 391.441
176.641 391.201
176.401 391.201
176.401 390.481
175.921 390.481
175.921 389.761
175.681 389.761
175.681 386.161
175.441 386.161
175.441 384.721
175.201 384.721
175.201 383.041
174.961 383.041
174.961 378.721
175.201 378.721
175.201 377.281
175.441 377.281
175.441 375.841
175.201 375.841
175.201 375.121
174.961 375.121
174.961 373.201
174.721 373.201
174.721 372.241
174.481 372.241
174.481 370.801
174.241 370.801
174.241 367.201
174.001 367.201
174.001 365.041
173.761 365.041
173.761 364.321
173.521 364.321
173.521 361.681
173.281 361.681
173.281 361.201
173.041 361.201
173.041 360.001
172.801 360.001
172.801 356.881
172.561 356.881
172.561 353.521
172.321 353.521
172.321 351.361
172.081 351.361
172.081 348.481
171.841 348.481
171.841 347.521
171.601 347.521
171.601 346.081
171.841 346.081
171.841 345.361
171.601 345.361
171.601 344.401
171.361 344.401
171.361 343.201
171.121 343.201
171.121 338.881
171.361 338.881
171.361 334.561
176.161 334.561
176.161 334.801
176.401 334.801
176.401 335.041
176.641 335.041
176.641 335.521
176.881 335.521
176.881 336.001
177.121 336.001
177.121 336.241
177.361 336.241
177.361 336.961
177.601 336.961
177.601 337.441
177.841 337.441
177.841 337.681
178.081 337.681
178.081 338.161
178.561 338.161
178.561 338.401
178.801 338.401
178.801 338.881
179.041 338.881
179.041 339.601
179.281 339.601
179.281 340.081
179.521 340.081
179.521 342.001
179.281 342.001
179.281 343.201
179.521 343.201
179.521 353.521
179.761 353.521
179.761 355.201
180.001 355.201
180.001 356.161
180.241 356.161
180.241 357.841
180.481 357.841
180.481 358.561
180.721 358.561
180.721 359.521
180.961 359.521
180.961 361.441
181.201 361.441
181.201 362.161
181.441 362.161
181.441 362.641
181.681 362.641
181.681 364.321
181.921 364.321
181.921 364.801
182.161 364.801
182.161 365.041
182.401 365.041
182.401 366.481
182.641 366.481
182.641 367.441
182.881 367.441
182.881 368.161
183.121 368.161
183.121 370.081
183.361 370.081
183.361 370.801
183.601 370.801
183.601 371.761
183.841 371.761
183.841 374.881
184.081 374.881
184.081 377.761
184.321 377.761
184.321 379.441
184.561 379.441
184.561 380.881
184.801 380.881
184.801 381.121
185.041 381.121
185.041 381.841
185.281 381.841
185.281 384.001
185.521 384.001
185.521 385.921
185.761 385.921
185.761 386.881
186.001 386.881
186.001 387.601
186.241 387.601
186.241 388.081
186.481 388.081
186.481 389.521
186.721 389.521
186.721 393.601
186.961 393.601
186.961 394.561
187.201 394.561
187.201 395.281
187.441 395.281
187.441 396.241
187.681 396.241
187.681 396.721
187.921 396.721
187.921 397.681
188.161 397.681
188.161 399.601
188.401 399.601
188.401 400.321
188.641 400.321
188.641 401.041
188.881 401.041
188.881 403.442
189.121 403.442
189.121 404.642
188.881 404.642
188.881 416.642
189.121 416.642
189.121 420.002
189.361 420.002
189.361 422.162
189.121 422.162
189.121 427.202
189.361 427.202
189.361 429.602
189.121 429.602
189.121 440.162
189.361 440.162
189.361 442.082
189.601 442.082
189.601 444.242
189.841 444.242
189.841 446.402
190.081 446.402
190.081 448.082
190.321 448.082
190.321 452.642
190.561 452.642
190.561 453.362
190.801 453.362
190.801 454.082
191.041 454.082
191.041 455.042
191.281 455.042
191.281 455.522
191.521 455.522
191.521 456.242
191.761 456.242
191.761 457.202
192.001 457.202
192.001 457.682
192.241 457.682
192.241 458.402
192.481 458.402
192.481 459.602
192.721 459.602
192.721 460.082
192.961 460.082
192.961 460.562
193.201 460.562
193.201 461.762
193.441 461.762
193.441 462.002
193.681 462.002
193.681 462.482
193.921 462.482
193.921 463.442
194.161 463.442
194.161 463.682
194.401 463.682
194.401 463.922
194.641 463.922
194.641 464.642
194.881 464.642
194.881 464.882
195.121 464.882
195.121 465.122
195.361 465.122
195.361 465.842
195.601 465.842
195.601 466.322
195.841 466.322
195.841 466.562
196.081 466.562
196.081 467.042
196.321 467.042
196.321 467.522
196.561 467.522
196.561 467.762
196.801 467.762
196.801 468.482
197.281 468.482
197.281 468.962
197.521 468.962
197.521 469.202
198.001 469.202
198.001 469.442
198.241 469.442
198.241 469.682
198.481 469.682
198.481 469.922
198.961 469.922
198.961 470.162
199.201 470.162
199.201 470.402
199.681 470.402
199.681 470.642
199.921 470.642
199.921 470.882
200.401 470.882
200.401 471.362
201.121 471.362
201.121 471.842
201.361 471.842
201.361 472.082
201.841 472.082
201.841 472.322
202.081 472.322
202.081 472.562
202.561 472.562
202.561 472.802
203.041 472.802
203.041 473.042
203.281 473.042
203.281 473.282
203.521 473.282
203.521 473.522
204.241 473.522
204.241 473.762
204.721 473.762
204.721 474.002
204.961 474.002
204.961 474.242
205.681 474.242
205.681 474.482
206.161 474.482
206.161 474.722
206.641 474.722
206.641 474.962
207.601 474.962
207.601 475.202
208.321 475.202
208.321 475.442
209.281 475.442
209.281 475.682
213.361 475.682
213.361 475.442
214.561 475.442
214.561 475.202
215.521 475.202
215.521 474.962
217.201 474.962
217.201 474.722
217.921 474.722
217.921 474.482
218.401 474.482
218.401 474.242
219.121 474.242
219.121 474.002
219.601 474.002
219.601 473.762
219.841 473.762
219.841 473.522
220.321 473.522
220.321 473.282
220.561 473.282
220.561 472.802
221.281 472.802
221.281 472.322
221.761 472.322
221.761 472.082
222.001 472.082
222.001 471.842
222.481 471.842
222.481 471.602
222.721 471.602
222.721 471.362
222.961 471.362
222.961 471.122
223.201 471.122
223.201 470.882
223.441 470.882
223.441 470.642
223.921 470.642
223.921 470.162
224.161 470.162
224.161 469.922
224.401 469.922
224.401 469.682
224.641 469.682
224.641 469.202
224.881 469.202
224.881 468.722
225.121 468.722
225.121 468.482
225.361 468.482
225.361 467.762
225.601 467.762
225.601 467.042
225.841 467.042
225.841 466.802
226.081 466.802
226.081 466.322
226.321 466.322
226.321 465.602
226.561 465.602
226.561 465.362
226.801 465.362
226.801 464.882
227.041 464.882
227.041 464.162
227.281 464.162
227.281 463.682
227.521 463.682
227.521 463.442
227.761 463.442
227.761 462.482
228.001 462.482
228.001 462.002
228.241 462.002
228.241 461.282
228.481 461.282
228.481 460.562
228.721 460.562
228.721 460.082
228.961 460.082
228.961 459.602
229.201 459.602
229.201 458.642
229.441 458.642
229.441 458.162
229.681 458.162
229.681 457.442
229.921 457.442
229.921 456.242
230.161 456.242
230.161 455.522
230.401 455.522
230.401 454.802
230.641 454.802
230.641 453.362
230.881 453.362
230.881 452.642
231.121 452.642
231.121 451.922
231.361 451.922
231.361 449.762
231.601 449.762
231.601 448.802
231.841 448.802
231.841 447.842
232.081 447.842
232.081 447.122
232.321 447.122
232.321 445.442
232.561 445.442
232.561 444.722
232.801 444.722
232.801 443.042
233.041 443.042
233.041 440.882
233.281 440.882
233.281 439.922
233.521 439.922
233.521 438.962
233.761 438.962
233.761 437.522
234.001 437.522
234.001 436.562
234.241 436.562
234.241 435.362
234.481 435.362
234.481 427.922
234.721 427.922
234.721 424.802
234.481 424.802
234.481 420.002
234.241 420.002
234.241 418.802
234.001 418.802
234.001 417.842
233.761 417.842
233.761 414.962
233.521 414.962
233.521 413.762
233.281 413.762
233.281 412.562
233.041 412.562
233.041 410.162
232.801 410.162
232.801 408.482
232.561 408.482
232.561 399.121
232.801 399.121
232.801 396.241
233.041 396.241
233.041 393.601
232.801 393.601
232.801 389.521
233.041 389.521
233.041 378.961
232.801 378.961
232.801 378.001
232.561 378.001
232.561 377.281
232.321 377.281
232.321 375.841
232.081 375.841
232.081 375.121
231.841 375.121
231.841 374.401
231.601 374.401
231.601 373.441
231.361 373.441
231.361 371.521
231.121 371.521
231.121 370.081
230.881 370.081
230.881 368.881
230.641 368.881
230.641 367.441
230.401 367.441
230.401 366.721
230.161 366.721
230.161 366.241
229.921 366.241
229.921 364.801
229.681 364.801
229.681 364.081
229.441 364.081
229.441 362.881
229.201 362.881
229.201 360.961
228.961 360.961
228.961 360.001
228.721 360.001
228.721 359.281
228.481 359.281
228.481 357.841
228.241 357.841
228.241 357.121
228.001 357.121
228.001 356.401
227.761 356.401
227.761 353.281
227.521 353.281
227.521 350.881
227.281 350.881
227.281 349.921
227.041 349.921
227.041 347.521
226.801 347.521
226.801 344.641
226.561 344.641
226.561 342.481
226.321 342.481
226.321 339.841
226.081 339.841
226.081 337.441
225.841 337.441
225.841 336.721
225.601 336.721
225.601 336.001
225.361 336.001
225.361 334.561
225.121 334.561
225.121 332.641
224.881 332.641
224.881 331.201
224.641 331.201
224.641 330.481
224.401 330.481
224.401 329.761
224.161 329.761
224.161 322.321
223.921 322.321
223.921 322.081
224.161 322.081
224.161 321.601
223.921 321.601
223.921 321.121
224.161 321.121
224.161 317.761
224.401 317.761
224.401 316.561
224.641 316.561
224.641 315.601
224.881 315.601
224.881 313.681
225.121 313.681
225.121 312.721
225.361 312.721
225.361 312.001
225.601 312.001
225.601 310.561
225.841 310.561
225.841 309.601
226.081 309.601
226.081 308.401
226.321 308.401
226.321 304.801
226.561 304.801
226.561 304.081
226.801 304.081
226.801 303.361
227.041 303.361
227.041 302.161
227.281 302.161
227.281 301.201
227.521 301.201
227.521 300.721
227.761 300.721
227.761 299.281
228.001 299.281
228.001 296.881
228.241 296.881
228.241 295.201
228.481 295.201
228.481 288.961
228.721 288.961
228.721 281.761
228.481 281.761
228.481 278.161
228.721 278.161
228.721 277.201
228.961 277.201
228.961 276.481
229.201 276.481
229.201 274.321
229.441 274.321
229.441 274.081
229.681 274.081
229.681 273.841
229.921 273.841
229.921 273.361
230.161 273.361
230.161 273.121
230.401 273.121
230.401 272.881
230.641 272.881
230.641 272.161
231.121 272.161
231.121 271.921
231.361 271.921
231.361 271.441
231.601 271.441
231.601 271.201
231.841 271.201
231.841 270.961
232.081 270.961
232.081 270.721
232.321 270.721
232.321 270.001
232.561 270.001
232.561 269.761
232.801 269.761
232.801 269.521
233.041 269.521
233.041 268.801
233.281 268.801
233.281 268.561
233.521 268.561
233.521 268.081
233.761 268.081
233.761 267.601
234.001 267.601
234.001 267.361
234.241 267.361
234.241 267.121
234.481 267.121
234.481 266.401
234.961 266.401
234.961 265.921
235.201 265.921
235.201 265.681
235.441 265.681
235.441 265.441
235.681 265.441
235.681 264.961
235.921 264.961
235.921 264.481
236.161 264.481
236.161 264.241
236.401 264.241
236.401 263.761
236.641 263.761
236.641 263.281
236.881 263.281
236.881 262.801
237.121 262.801
237.121 262.561
237.361 262.561
237.361 261.361
238.081 261.361
238.081 261.601
238.321 261.601
238.321 262.081
238.561 262.081
238.561 262.561
238.801 262.561
238.801 263.521
239.041 263.521
239.041 263.761
239.281 263.761
239.281 264.241
239.521 264.241
239.521 264.721
239.761 264.721
239.761 264.961
240.001 264.961
240.001 265.441
240.241 265.441
240.241 265.921
240.481 265.921
240.481 266.401
240.961 266.401
240.961 267.121
241.201 267.121
241.201 267.361
241.441 267.361
241.441 267.601
241.681 267.601
241.681 268.081
241.921 268.081
241.921 268.321
242.161 268.321
242.161 268.561
242.401 268.561
242.401 269.041
242.641 269.041
242.641 269.281
242.881 269.281
242.881 269.521
243.121 269.521
243.121 270.001
243.601 270.001
243.601 270.241
243.841 270.241
243.841 270.961
244.081 270.961
244.081 271.441
244.321 271.441
244.321 271.681
244.561 271.681
244.561 272.641
244.801 272.641
244.801 273.121
245.041 273.121
245.041 273.601
245.281 273.601
245.281 274.801
245.521 274.801
245.521 275.281
245.761 275.281
245.761 275.761
246.001 275.761
246.001 276.721
246.241 276.721
246.241 277.201
246.481 277.201
246.481 277.681
246.721 277.681
246.721 278.641
246.961 278.641
246.961 278.881
247.201 278.881
247.201 279.361
247.441 279.361
247.441 280.321
247.681 280.321
247.681 280.561
247.921 280.561
247.921 281.041
248.161 281.041
248.161 281.521
248.401 281.521
248.401 281.761
248.641 281.761
248.641 282.481
248.881 282.481
248.881 283.201
249.121 283.201
249.121 283.681
249.361 283.681
249.361 283.921
249.601 283.921
249.601 284.641
249.841 284.641
249.841 284.881
250.081 284.881
250.081 285.361
250.321 285.361
250.321 286.081
250.561 286.081
250.561 286.321
250.801 286.321
250.801 286.561
251.041 286.561
251.041 287.041
251.281 287.041
251.281 287.521
251.521 287.521
251.521 288.001
251.761 288.001
251.761 293.761
252.001 293.761
252.001 295.441
252.241 295.441
252.241 296.881
252.481 296.881
252.481 298.801
252.721 298.801
252.721 299.521
252.961 299.521
252.961 300.241
253.201 300.241
253.201 301.681
253.441 301.681
253.441 302.161
253.681 302.161
253.681 302.641
253.921 302.641
253.921 303.841
254.161 303.841
254.161 304.321
254.401 304.321
254.401 304.801
254.641 304.801
254.641 305.761
254.881 305.761
254.881 306.241
255.121 306.241
255.121 306.721
255.361 306.721
255.361 307.681
255.601 307.681
255.601 308.161
255.841 308.161
255.841 308.881
256.081 308.881
256.081 310.561
256.321 310.561
256.321 311.041
256.561 311.041
256.561 311.521
256.801 311.521
256.801 312.481
257.041 312.481
257.041 312.721
257.281 312.721
257.281 313.441
257.521 313.441
257.521 314.161
257.761 314.161
257.761 314.641
258.001 314.641
258.001 314.881
258.241 314.881
258.241 315.601
258.481 315.601
258.481 316.081
258.721 316.081
258.721 316.321
258.961 316.321
258.961 317.041
259.201 317.041
259.201 317.281
259.441 317.281
259.441 317.761
259.681 317.761
259.681 318.241
259.921 318.241
259.921 318.481
260.161 318.481
260.161 318.721
260.401 318.721
260.401 319.441
260.641 319.441
260.641 319.681
260.881 319.681
260.881 320.161
261.121 320.161
261.121 320.641
261.361 320.641
261.361 320.881
261.601 320.881
261.601 321.361
261.841 321.361
261.841 321.601
262.081 321.601
262.081 322.081
262.321 322.081
262.321 322.321
262.561 322.321
262.561 322.801
262.801 322.801
262.801 323.041
263.281 323.041
263.281 323.761
263.761 323.761
263.761 324.241
264.001 324.241
264.001 324.481
264.241 324.481
264.241 324.961
264.481 324.961
264.481 325.201
264.721 325.201
264.721 325.681
264.961 325.681
264.961 325.921
265.441 325.921
265.441 326.161
265.681 326.161
265.681 326.641
266.161 326.641
266.161 326.881
266.401 326.881
266.401 327.361
266.881 327.361
266.881 327.601
267.121 327.601
267.121 328.081
267.601 328.081
267.601 328.321
267.841 328.321
267.841 328.801
268.081 328.801
268.081 329.041
268.321 329.041
268.321 329.281
268.561 329.281
268.561 329.521
268.801 329.521
268.801 329.761
269.041 329.761
269.041 330.001
269.281 330.001
269.281 330.241
269.521 330.241
269.521 330.721
269.761 330.721
269.761 330.961
270.001 330.961
270.001 331.201
270.241 331.201
270.241 331.441
270.481 331.441
270.481 331.681
270.721 331.681
270.721 331.921
271.201 331.921
271.201 332.161
271.441 332.161
271.441 332.401
271.921 332.401
271.921 332.641
272.161 332.641
272.161 332.881
272.401 332.881
272.401 333.121
272.881 333.121
272.881 333.361
273.121 333.361
273.121 333.601
273.601 333.601
273.601 333.841
274.081 333.841
274.081 334.081
274.321 334.081
274.321 334.321
274.561 334.321
274.561 334.561
275.281 334.561
275.281 334.801
275.761 334.801
275.761 335.041
276.001 335.041
276.001 335.281
276.721 335.281
276.721 335.521
276.961 335.521
276.961 335.761
277.201 335.761
277.201 336.001
277.921 336.001
277.921 336.241
278.161 336.241
278.161 336.481
278.641 336.481
278.641 336.721
279.361 336.721
279.361 336.961
279.601 336.961
279.601 337.201
280.081 337.201
280.081 337.441
281.281 337.441
281.281 337.681
282.241 337.681
282.241 337.921
284.161 337.921
284.161 338.161
284.401 338.161
284.401 337.921
284.641 337.921
284.641 338.161
288.241 338.161
288.241 337.921
289.441 337.921
289.441 337.681
289.921 337.681
289.921 337.441
290.881 337.441
290.881 337.201
291.361 337.201
291.361 336.961
291.601 336.961
291.601 336.721
292.321 336.721
292.321 336.481
292.801 336.481
292.801 336.241
293.041 336.241
293.041 336.001
293.521 336.001
293.521 335.761
293.761 335.761
293.761 335.281
294.241 335.281
294.241 335.041
294.481 335.041
294.481 334.321
294.721 334.321
294.721 333.841
294.961 333.841
294.961 333.121
295.201 333.121
295.201 331.681
295.441 331.681
295.441 330.481
295.681 330.481
295.681 328.801
295.921 328.801
295.921 322.321
295.681 322.321
295.681 320.881
295.441 320.881
295.441 319.921
295.201 319.921
295.201 318.481
294.961 318.481
294.961 317.761
294.721 317.761
294.721 317.041
294.481 317.041
294.481 315.361
294.241 315.361
294.241 314.641
294.001 314.641
294.001 313.921
293.761 313.921
293.761 312.961
293.521 312.961
293.521 312.241
293.281 312.241
293.281 311.521
293.041 311.521
293.041 310.321
292.801 310.321
292.801 309.601
292.561 309.601
292.561 308.401
292.321 308.401
292.321 297.361
292.561 297.361
292.561 296.401
292.801 296.401
292.801 295.921
293.041 295.921
293.041 294.721
293.281 294.721
293.281 294.001
293.521 294.001
293.521 293.761
293.761 293.761
293.761 292.561
294.001 292.561
294.001 292.081
294.241 292.081
294.241 291.601
294.481 291.601
294.481 290.401
294.721 290.401
294.721 289.681
294.961 289.681
294.961 288.961
295.201 288.961
295.201 288.001
295.441 288.001
295.441 287.521
295.681 287.521
295.681 287.041
295.921 287.041
295.921 286.081
296.161 286.081
296.161 285.601
296.401 285.601
296.401 285.121
296.641 285.121
296.641 284.161
296.881 284.161
296.881 283.681
297.121 283.681
297.121 283.201
297.361 283.201
297.361 281.761
297.601 281.761
297.601 281.281
297.841 281.281
297.841 280.801
298.081 280.801
298.081 273.841
297.841 273.841
297.841 272.881
297.601 272.881
297.601 271.921
297.361 271.921
297.361 270.721
297.121 270.721
297.121 270.241
296.881 270.241
296.881 269.761
296.641 269.761
296.641 268.801
296.401 268.801
296.401 268.321
296.161 268.321
296.161 268.081
295.921 268.081
295.921 267.361
295.681 267.361
295.681 266.881
295.441 266.881
295.441 266.401
295.201 266.401
295.201 265.441
294.961 265.441
294.961 264.961
294.721 264.961
294.721 264.481
294.481 264.481
294.481 263.761
294.241 263.761
294.241 263.281
294.001 263.281
294.001 262.801
293.761 262.801
293.761 262.081
293.521 262.081
293.521 261.841
293.281 261.841
293.281 261.361
293.041 261.361
293.041 260.881
292.801 260.881
292.801 260.641
292.561 260.641
292.561 260.161
292.321 260.161
292.321 259.201
292.081 259.201
292.081 258.961
291.841 258.961
291.841 258.481
291.601 258.481
291.601 257.761
291.361 257.761
291.361 257.281
291.121 257.281
291.121 257.041
290.881 257.041
290.881 256.321
290.641 256.321
290.641 255.841
290.401 255.841
290.401 255.601
290.161 255.601
290.161 254.881
289.921 254.881
289.921 254.641
289.681 254.641
289.681 254.161
289.441 254.161
289.441 253.441
289.201 253.441
289.201 253.201
288.961 253.201
288.961 252.721
288.721 252.721
288.721 252.001
288.481 252.001
288.481 251.281
288.241 251.281
288.241 250.801
288.001 250.801
288.001 249.601
287.761 249.601
287.761 249.121
287.521 249.121
287.521 248.401
287.281 248.401
287.281 247.681
287.041 247.681
287.041 247.201
286.801 247.201
286.801 246.961
286.561 246.961
286.561 246.241
286.321 246.241
286.321 246.001
286.081 246.001
286.081 245.521
285.841 245.521
285.841 244.801
285.601 244.801
285.601 244.561
285.361 244.561
285.361 244.081
285.121 244.081
285.121 243.361
284.881 243.361
284.881 242.881
284.641 242.881
284.641 242.641
284.401 242.641
284.401 241.441
284.161 241.441
284.161 240.961
283.921 240.961
283.921 240.241
283.681 240.241
283.681 238.801
283.441 238.801
283.441 238.081
283.201 238.081
283.201 237.601
282.961 237.601
282.961 236.401
282.721 236.401
282.721 235.921
282.481 235.921
282.481 235.441
282.241 235.441
282.241 234.241
282.001 234.241
282.001 233.761
281.761 233.761
281.761 233.041
281.521 233.041
281.521 232.321
281.281 232.321
281.281 231.121
281.041 231.121
281.041 230.401
280.801 230.401
280.801 229.921
280.561 229.921
280.561 228.961
280.321 228.961
280.321 228.241
280.081 228.241
280.081 227.761
279.841 227.761
279.841 226.561
279.601 226.561
279.601 225.841
279.361 225.841
279.361 225.121
279.121 225.121
279.121 223.441
278.881 223.441
278.881 222.721
278.641 222.721
278.641 222.241
278.401 222.241
278.401 220.801
278.161 220.801
278.161 220.081
277.921 220.081
277.921 219.601
277.681 219.601
277.681 217.921
277.441 217.921
277.441 217.201
277.201 217.201
277.201 216.241
276.961 216.241
276.961 215.041
276.721 215.041
276.721 214.321
276.481 214.321
276.481 213.841
276.241 213.841
276.241 212.641
276.001 212.641
276.001 212.161
275.761 212.161
275.761 211.441
275.521 211.441
275.521 210.481
275.281 210.481
275.281 210.001
275.041 210.001
275.041 209.521
274.801 209.521
274.801 208.561
274.561 208.561
274.561 208.321
274.321 208.321
274.321 207.841
274.081 207.841
274.081 207.121
273.841 207.121
273.841 206.881
273.601 206.881
273.601 206.401
273.361 206.401
273.361 205.681
273.121 205.681
273.121 205.201
272.881 205.201
272.881 204.961
272.641 204.961
272.641 204.241
272.401 204.241
272.401 203.761
272.161 203.761
272.161 203.521
271.921 203.521
271.921 203.041
271.681 203.041
271.681 202.801
271.441 202.801
271.441 202.561
271.201 202.561
271.201 202.081
270.961 202.081
270.961 201.601
270.721 201.601
270.721 201.361
270.481 201.361
270.481 200.641
270.241 200.641
270.241 200.401
270.001 200.401
270.001 199.921
269.761 199.921
269.761 199.441
269.521 199.441
269.521 199.201
269.281 199.201
269.281 198.721
269.041 198.721
269.041 197.761
268.801 197.761
268.801 197.521
268.561 197.521
268.561 197.041
268.321 197.041
268.321 196.321
268.081 196.321
268.081 196.081
267.841 196.081
267.841 195.601
267.601 195.601
267.601 194.881
267.361 194.881
267.361 194.641
267.121 194.641
267.121 194.401
266.881 194.401
266.881 193.681
266.641 193.681
266.641 193.441
266.401 193.441
266.401 193.201
266.161 193.201
266.161 192.481
265.921 192.481
265.921 192.241
265.681 192.241
265.681 192.001
265.441 192.001
265.441 191.281
265.201 191.281
265.201 190.801
264.961 190.801
264.961 190.561
264.721 190.561
264.721 189.841
264.481 189.841
264.481 189.361
264.241 189.361
264.241 188.881
264.001 188.881
264.001 188.161
263.761 188.161
263.761 187.681
263.521 187.681
263.521 187.201
263.281 187.201
263.281 186.241
263.041 186.241
263.041 185.761
262.801 185.761
262.801 185.521
262.561 185.521
262.561 184.801
262.321 184.801
262.321 184.321
262.081 184.321
262.081 183.841
261.841 183.841
261.841 183.121
261.601 183.121
261.601 182.641
261.361 182.641
261.361 182.161
261.121 182.161
261.121 181.441
260.881 181.441
260.881 181.201
260.641 181.201
260.641 180.721
260.401 180.721
260.401 180.001
260.161 180.001
260.161 179.521
259.921 179.521
259.921 179.281
259.681 179.281
259.681 178.801
259.441 178.801
259.441 178.321
259.201 178.321
259.201 178.081
258.961 178.081
258.961 177.361
258.721 177.361
258.721 177.121
258.481 177.121
258.481 176.641
258.241 176.641
258.241 176.161
258.001 176.161
258.001 175.921
257.761 175.921
257.761 175.681
257.521 175.681
257.521 174.961
257.281 174.961
257.281 174.481
257.041 174.481
257.041 174.241
256.801 174.241
256.801 173.521
256.561 173.521
256.561 173.041
256.321 173.041
256.321 172.561
256.081 172.561
256.081 171.841
255.841 171.841
255.841 171.601
255.601 171.601
255.601 171.121
255.361 171.121
255.361 170.161
255.121 170.161
255.121 169.921
254.881 169.921
254.881 169.441
254.641 169.441
254.641 168.961
254.401 168.961
254.401 168.721
254.161 168.721
254.161 168.241
253.921 168.241
253.921 167.281
253.681 167.281
253.681 167.041
253.441 167.041
253.441 166.561
253.201 166.561
253.201 165.601
252.961 165.601
252.961 165.121
252.721 165.121
252.721 164.401
252.481 164.401
252.481 163.201
252.241 163.201
252.241 162.721
252.001 162.721
252.001 162.241
251.761 162.241
251.761 161.281
251.521 161.281
251.521 160.801
251.281 160.801
251.281 160.321
251.041 160.321
251.041 159.361
250.801 159.361
250.801 159.121
250.561 159.121
250.561 158.641
250.321 158.641
250.321 157.681
250.081 157.681
250.081 157.201
249.841 157.201
249.841 156.961
249.601 156.961
249.601 156.241
249.361 156.241
249.361 155.761
249.121 155.761
249.121 155.521
248.881 155.521
248.881 154.801
248.641 154.801
248.641 154.321
248.401 154.321
248.401 154.081
248.161 154.081
248.161 153.121
247.921 153.121
247.921 152.641
247.681 152.641
247.681 152.161
247.441 152.161
247.441 151.441
247.201 151.441
247.201 150.721
246.961 150.721
246.961 150.241
246.721 150.241
246.721 149.281
246.481 149.281
246.481 148.801
246.241 148.801
246.241 148.561
246.001 148.561
246.001 147.601
245.761 147.601
245.761 147.121
245.521 147.121
245.521 146.881
245.281 146.881
245.281 145.681
245.041 145.681
245.041 145.441
244.801 145.441
244.801 144.961
244.561 144.961
244.561 143.761
244.321 143.761
244.321 143.281
244.081 143.281
244.081 142.801
243.841 142.801
243.841 141.841
243.601 141.841
243.601 141.361
243.361 141.361
243.361 141.121
243.121 141.121
243.121 140.401
242.881 140.401
242.881 139.921
242.641 139.921
242.641 139.681
242.401 139.681
242.401 138.961
242.161 138.961
242.161 138.481
241.921 138.481
241.921 138.241
241.681 138.241
241.681 137.521
241.441 137.521
241.441 137.041
241.201 137.041
241.201 136.801
240.961 136.801
240.961 136.081
240.721 136.081
240.721 135.601
240.481 135.601
240.481 135.361
240.241 135.361
240.241 134.641
240.001 134.641
240.001 134.401
239.761 134.401
239.761 134.161
239.521 134.161
239.521 133.68
239.281 133.68
239.281 133.44
239.041 133.44
239.041 133.2
238.801 133.2
238.801 132.48
238.321 132.48
238.321 132.24
238.081 132.24
238.081 131.76
237.841 131.76
237.841 131.28
237.601 131.28
237.601 131.04
237.361 131.04
237.361 130.56
237.121 130.56
237.121 130.32
236.881 130.32
236.881 130.08
236.641 130.08
236.641 129.36
236.401 129.36
236.401 128.88
236.161 128.88
236.161 128.64
235.921 128.64
235.921 127.92
235.681 127.92
235.681 127.44
235.441 127.44
235.441 126.96
235.201 126.96
235.201 126
234.961 126
234.961 125.76
234.721 125.76
234.721 125.28
234.481 125.28
234.481 124.32
234.241 124.32
234.241 123.84
234.001 123.84
234.001 123.6
233.761 123.6
233.761 122.64
233.521 122.64
233.521 122.16
233.281 122.16
233.281 121.68
233.041 121.68
233.041 120.96
232.801 120.96
232.801 120.48
232.561 120.48
232.561 120.24
232.321 120.24
232.321 119.28
232.081 119.28
232.081 118.8
231.841 118.8
231.841 118.56
231.601 118.56
231.601 118.08
231.361 118.08
231.361 117.36
231.121 117.36
231.121 116.64
230.881 116.64
230.881 116.4
230.641 116.4
230.641 115.44
230.401 115.44
230.401 114.96
230.161 114.96
230.161 114.48
229.921 114.48
229.921 113.52
229.681 113.52
229.681 113.04
229.441 113.04
229.441 112.32
229.201 112.32
229.201 111.36
228.961 111.36
228.961 110.88
228.721 110.88
228.721 110.4
228.481 110.4
228.481 109.44
228.241 109.44
228.241 108.96
228.001 108.96
228.001 108.48
227.761 108.48
227.761 107.28
227.521 107.28
227.521 106.8
227.281 106.8
227.281 106.08
227.041 106.08
227.041 104.88
226.801 104.88
226.801 104.16
226.561 104.16
226.561 103.2
226.321 103.2
226.321 101.52
226.081 101.52
226.081 100.56
225.841 100.56
225.841 99.6004
225.601 99.6004
225.601 97.9204
225.361 97.9204
225.361 97.2004
225.121 97.2004
225.121 96.2404
224.881 96.2404
224.881 94.0804
224.641 94.0804
224.641 91.9203
224.401 91.9203
224.401 91.2003
224.641 91.2003
224.641 88.8003
224.881 88.8003
224.881 84.7203
224.641 84.7203
224.641 83.7603
224.401 83.7603
224.401 82.8003
224.161 82.8003
224.161 76.0803
224.401 76.0803
224.401 75.1203
224.641 75.1203
224.641 73.9203
224.881 73.9203
224.881 70.3203
224.641 70.3203
224.641 66.4802
224.881 66.4802
224.881 57.6002
225.121 57.6002
225.121 55.9202
224.881 55.9202
224.881 48.2402
225.121 48.2402
225.121 46.8002
225.361 46.8002
225.361 40.8002
225.601 40.8002
225.601 35.5201
225.361 35.5201
225.361 31.4401
225.601 31.4401
225.601 27.3601
225.841 27.3601
225.841 20.8801
226.081 20.8801
226.081 19.2001
226.321 19.2001
226.321 12.24
226.561 12.24
226.561 9.36003
226.321 9.36003
226.321 5.04002
226.561 5.04002
226.561 3.60001
226.801 3.60001
226.801 2.16001
227.041 2.16001
227.041 0