169 149
169 150
166 150
166 151
163 151
163 152
161 152
161 153
160 153
160 154
158 154
158 155
157 155
157 156
156 156
156 157
154 157
154 158
153 158
153 159
152 159
152 160
150 160
150 161
149 161
149 162
148 162
148 163
147 163
147 164
146 164
146 166
145 166
145 167
144 167
144 168
143 168
143 169
142 169
142 170
141 170
141 169
133 169
133 170
130 170
130 171
128 171
128 172
126 172
126 173
125 173
125 174
124 174
124 176
123 176
123 178
122 178
122 180
121 180
121 183
120 183
120 185
119 185
119 187
118 187
118 190
117 190
117 193
116 193
116 196
115 196
115 200
114 200
114 202
113 202
113 205
112 205
112 210
111 210
111 211
110 211
110 214
109 214
109 217
108 217
108 218
107 218
107 220
106 220
106 223
105 223
105 224
104 224
104 226
103 226
103 229
102 229
102 230
101 230
101 232
100 232
100 234
99 234
99 236
98 236
98 250
99 250
99 253
100 253
100 255
101 255
101 257
102 257
102 258
103 258
103 260
104 260
104 261
105 261
105 263
106 263
106 264
107 264
107 266
108 266
108 267
109 267
109 269
110 269
110 271
111 271
111 272
112 272
112 276
113 276
113 278
114 278
114 280
115 280
115 283
116 283
116 284
117 284
117 286
118 286
118 289
119 289
119 291
120 291
120 292
121 292
121 294
122 294
122 296
123 296
123 298
124 298
124 302
125 302
125 305
126 305
126 308
127 308
127 315
128 315
128 319
129 319
129 336
128 336
128 341
127 341
127 347
126 347
126 350
125 350
125 352
124 352
124 355
123 355
123 357
122 357
122 359
121 359
121 362
120 362
120 364
119 364
119 365
118 365
118 368
117 368
117 370
116 370
116 372
115 372
115 376
114 376
114 378
113 378
113 380
112 380
112 383
111 383
111 385
110 385
110 387
109 387
109 390
108 390
108 392
107 392
107 394
106 394
106 397
105 397
105 399
104 399
104 401
103 401
103 403
102 403
102 406
101 406
101 408
100 408
100 410
99 410
99 413
98 413
98 414
97 414
97 417
96 417
96 419
95 419
95 421
94 421
94 423
93 423
93 426
92 426
92 427
91 427
91 428
90 428
90 430
89 430
89 432
88 432
88 433
87 433
87 436
86 436
86 437
85 437
85 439
84 439
84 441
83 441
83 442
82 442
82 444
81 444
81 447
80 447
80 448
79 448
79 451
78 451
78 454
77 454
77 456
76 456
76 458
75 458
75 462
74 462
74 464
73 464
73 467
72 467
72 471
71 471
71 473
70 473
70 475
69 475
69 480
68 480
68 482
67 482
67 484
66 484
66 488
65 488
65 490
64 490
64 492
63 492
63 496
62 496
62 498
61 498
61 499
60 499
60 502
59 502
59 504
58 504
58 506
57 506
57 509
56 509
56 511
55 511
55 513
54 513
54 516
53 516
53 517
52 517
52 520
51 520
51 522
50 522
50 524
49 524
49 526
48 526
48 528
47 528
47 530
46 530
46 532
45 532
45 534
44 534
44 535
43 535
43 537
42 537
42 539
41 539
41 540
40 540
40 542
39 542
39 544
38 544
38 546
37 546
37 547
36 547
36 549
35 549
35 551
34 551
34 552
33 552
33 555
32 555
32 556
31 556
31 558
30 558
30 560
29 560
29 562
28 562
28 563
27 563
27 565
26 565
26 566
25 566
25 568
24 568
24 570
23 570
23 571
22 571
22 573
21 573
21 576
19 576
19 577
176 577
176 571
177 571
177 568
178 568
178 564
179 564
179 558
180 558
180 554
181 554
181 550
182 550
182 544
183 544
183 541
184 541
184 537
185 537
185 532
186 532
186 529
187 529
187 526
188 526
188 520
189 520
189 516
190 516
190 513
191 513
191 507
192 507
192 504
193 504
193 501
194 501
194 496
195 496
195 493
196 493
196 489
197 489
197 484
198 484
198 482
199 482
199 478
200 478
200 473
201 473
201 469
202 469
202 466
203 466
203 459
204 459
204 456
205 456
205 451
206 451
206 445
207 445
207 442
208 442
208 439
209 439
209 432
210 432
210 429
211 429
211 425
212 425
212 417
213 417
213 414
214 414
214 411
215 411
215 405
216 405
216 402
217 402
217 399
218 399
218 390
219 390
219 384
220 384
220 379
221 379
221 371
222 371
222 366
223 366
223 363
224 363
224 359
225 359
225 357
226 357
226 355
227 355
227 353
228 353
228 351
229 351
229 349
230 349
230 347
231 347
231 345
232 345
232 343
233 343
233 341
234 341
234 337
235 337
235 335
236 335
236 333
237 333
237 331
238 331
238 329
239 329
239 326
240 326
240 324
241 324
241 323
242 323
242 321
243 321
243 319
244 319
244 318
245 318
245 316
246 316
246 314
247 314
247 312
248 312
248 311
249 311
249 307
250 307
250 305
251 305
251 303
252 303
252 299
253 299
253 298
254 298
254 296
255 296
255 292
256 292
256 290
257 290
257 288
258 288
258 278
259 278
259 277
260 277
260 274
261 274
261 267
262 267
262 266
263 266
263 264
264 264
264 261
265 261
265 260
266 260
266 259
267 259
267 257
268 257
268 255
269 255
269 254
270 254
270 233
269 233
269 232
268 232
268 231
267 231
267 229
266 229
266 228
264 228
264 226
262 226
262 225
260 225
260 224
258 224
258 223
252 223
252 222
253 222
253 220
254 220
254 218
255 218
255 214
256 214
256 212
257 212
257 209
258 209
258 198
257 198
257 196
256 196
256 195
255 195
255 193
253 193
253 192
252 192
252 190
250 190
250 189
249 189
249 188
248 188
248 187
234 187
234 181
233 181
233 178
232 178
232 176
231 176
231 175
230 175
230 174
229 174
229 173
228 173
228 172
225 172
225 171
224 171
224 170
222 170
222 169
219 169
219 168
218 168
218 167
217 167
217 166
204 166
204 167
202 167
202 168
200 168
200 169
197 169
197 170
196 170
196 171
195 171
195 172
194 172
194 165
193 165
193 163
192 163
192 161
191 161
191 158
190 158
190 157
189 157
189 156
188 156
188 154
186 154
186 153
185 153
185 152
183 152
183 151
180 151
180 150
178 150
178 149
169 149